121 120 119 120 119 120 119 120 121 119 119 120 119 120 120 120 121 119 119 120 119 121 120 120 122 120 120 119 121 121 120 121 121 120 119 119 119 119 120 120 120 119 119 119 119 120 119 120 121 120 119 120 120 120 119 120 121 120 119 120 120 120 120 120 121 120 119 119 121 121 119 120 121 120 119 120 117 120 120 120 121 120 119 120 120 119 120 120 121 120 119 119 116 118 120 120 121 120 119 120 121 120 120 120 121 120 119 120 121 122 119 120 121 120 119 120 119 120 119 120 121 119 120 120 119 120 120 120
121 120 119 119 120 123 120 120 121 120 119 120 119 121 120 120 121 120 119 121 120 119 120 120 121 119 119 120 121 120 119 120 121 120 119 120 119 120 119 120 121 120 119 120 119 120 120 120 121 120 119 120 119 120 120 120 121 120 119 120 119 119 120 120 121 120 119 120 119 120 120 120 121 120 119 120 120 120 120 120 121 120 119 120 119 121 120 120 121 120 119 120 119 120 120 120 121 120 119 120 119 120 120 120 121 120 120 120 120 120 120 120 121 120 119 120 122 120 120 119 121 120 119 119 119 120 119 120
120 120 119 120 114 119 120 120 121 120 120 121 118 121 120 120 121 120 119 120 125 121 120 120 121 120 118 119 120 119 120 119 121 119 120 119 121 120 120 119 121 120 119 120 117 119 120 120 121 120 120 120 118 119 120 120 121 119 120 120 121 120 120 120 121 120 119 120 122 122 120 120 121 119 120 119 121 120 119 120 121 120 119 120 119 120 120 119 121 120 119 119 120 120 120 120 121 120 119 119 120 120 120 120 121 119 120 119 116 120 120 120 121 120 119 120 119 119 120 120 121 120 119 121 122 121 120 120
121 120 119 120 121 122 120 120 121 120 119 120 120 120 120 120 121 120 119 119 121 120 120 120 121 120 119 120 119 120 119 120 121 120 119 121 116 120 120 120 121 120 120 120 124 121 120 119 121 120 119 119 119 120 119 120 121 120 119 120 119 119 120 120 121 120 119 120 116 119 120 120 121 120 119 120 117 119 120 120 121 120 120 120 122 121 120 120 121 120 119 119 120 121 120 120 121 120 119 120 123 120 119 120 121 120 119 120 121 119 120 120 121 120 120 120 119 120 119 120 121 119 120 120 114 121 119 120
121 120 119 120 120 124 120 120 121 120 119 119 119 121 120 120 121 120 119 120 120 119 120 120 121 120 119 121 121 119 120 120 121 119 120 119 120 119 120 120 121 120 119 120 119 120 119 120 121 120 119 120 119 120 120 120 121 120 119 120 119 120 119 120 121 120 119 120 118 120 119 121 121 120 119 119 117 119 120 120 121 120 119 120 121 121 120 120 121 120 119 120 121 122 120 119 121 119 120 120 122 120 120 119 121 120 119 120 117 119 120 120 121 120 119 119 118 119 120 120 121 120 119 119 112 119 120 120
121 120 119 121 119 120 120 120 121 120 120 121 130 122 120 120 121 120 119 120 123 121 120 120 121 119 120 119 118 120 120 120 121 119 119 120 118 120 120 120 121 120 119 120 118 120 119 120 121 120 119 120 119 120 120 120 121 120 119 119 119 120 120 120 121 120 119 120 119 120 120 120 121 120 119 119 120 120 120 120 121 120 119 120 119 120 120 119 121 120 119 120 119 120 120 120 121 120 119 120 119 121 120 120 121 120 119 120 121 120 119 120 121 119 120 119 119 121 119 120 121 120 120 120 119 120 119 121
121 120 119 121 122 119 120 120 121 120 119 120 119 121 120 120 121 119 119 120 115 120 120 120 121 120 119 120 122 120 119 120 121 120 119 120 121 120 120 120 121 119 119 120 115 120 120 120 121 120 119 120 118 120 120 119 121 120 120 119 122 119 120 120 120 120 119 120 121 121 119 120 121 120 119 120 119 121 120 120 121 120 119 120 120 120 120 120 121 120 120 120 120 119 120 119 121 120 119 120 120 120 119 121 121 120 119 120 119 120 120 120 121 119 119 120 120 120 120 120 121 120 119 119 120 120 120 120
121 120 119 121 117 118 120 119 121 120 119 120 117 119 120 120 121 120 119 120 123 123 120 120 121 119 119 119 121 127 121 120 121 120 119 119 122 120 119 120 121 119 120 120 117 118 119 120 121 120 119 121 118 118 120 120 121 120 119 121 121 119 120 120 121 120 119 119 118 119 120 120 121 120 119 120 119 120 120 120 121 120 119 121 120 120 119 120 121 120 119 120 120 120 120 120 121 120 119 120 119 121 120 120 121 120 119 120 120 120 119 120 121 120 119 120 119 120 119 121 121 120 119 120 119 120 120 119
121 120 119 120 120 120 120 120 121 120 119 119 118 120 119 120 121 119 120 120 122 121 120 120 121 120 119 120 119 120 119 120 121 120 119 121 120 119 120 120 121 119 120 120 115 120 120 120 121 120 119 120 125 121 120 120 121 119 120 119 121 120 119 120 121 120 119 120 119 120 119 120 121 120 119 120 120 120 120 120 121 120 119 120 119 120 120 120 121 120 119 120 119 120 119 120 121 120 119 120 119 120 120 120 121 120 119 120 119 120 119 120 121 120 119 120 120 119 120 120 121 120 119 120 120 120 119 120
121 120 119 120 118 120 119 120 121 120 119 120 119 120 120 119 121 120 119 120 120 120 120 120 121 120 119 120 120 119 120 120 121 120 119 120 120 119 120 120 121 120 119 120 121 120 119 120 121 119 120 120 119 120 120 120 121 120 119 119 117 120 119 121 121 120 120 121 118 119 120 120 121 120 119 120 119 119 120 120 121 120 119 120 123 122 120 120 121 119 120 119 122 122 120 120 121 120 119 120 120 120 120 120 121 119 120 119 119 120 120 120 121 120 119 120 120 120 120 120 121 120 120 120 120 121 120 120
121 120 119 119 116 118 120 120 121 120 119 120 122 119 120 120 121 120 119 120 120 120 119 120 121 120 119 121 120 121 120 120 121 119 120 119 120 123 120 120 121 120 119 120 121 120 119 120 121 120 119 119 120 119 120 120 121 120 119 120 117 120 120 120 121 119 119 119 115 119 121 120 121 120 119 120 121 119 120 120 121 120 119 120 120 119 120 120 121 120 119 121 123 120 119 120 121 120 119 120 122 121 120 120 121 120 119 119 118 120 119 120 121 120 119 119 120 119 120 120 121 119 120 119 120 119 120 120
122 120 119 121 121 120 120 120 121 120 120 120 118 120 120 120 121 119 120 119 123 120 120 120 121 120 119 120 120 120 120 120 120 120 119 120 118 120 119 120 121 120 119 120 119 120 119 120 121 120 119 120 120 120 120 120 121 120 120 119 120 119 120 120 121 119 119 120 120 120 119 120 121 120 119 120 118 120 120 120 121 120 120 119 117 120 119 120 121 120 119 121 123 119 120 120 121 120 119 120 124 119 120 120 121 120 119 120 120 121 120 119 121 120 119 120 119 122 120 120 121 120 119 120 118 119 120 120
121 120 119 120 119 119 120 120 121 120 119 120 119 121 120 120 121 120 119 119 118 121 120 120 121 120 119 120 119 120 119 120 120 120 119 120 120 120 119 120 121 120 119 120 121 120 120 120 121 120 119 120 115 119 120 120 121 120 119 121 123 119 120 120 121 120 119 120 122 121 120 120 121 120 119 120 117 120 120 120 121 120 120 119 115 119 119 120 121 120 119 120 120 119 120 120 121 120 119 120 121 120 119 120 121 120 119 120 121 123 120 120 122 121 120 121 120 121 121 121 121 119 120 120 120 119 120 120
121 120 119 120 120 120 120 119 121 120 119 120 121 119 120 120 121 120 119 120 120 119 120 120 121 120 119 120 118 120 120 120 121 120 119 120 118 120 119 120 121 120 119 120 120 119 120 120 121 119 119 120 120 120 120 120 121 120 119 120 118 120 120 119 121 120 119 120 121 120 119 121 121 120 119 121 122 121 120 120 121 119 120 120 121 120 119 120 121 120 119 120 120 120 120 120 121 120 120 118 118 120 120 120 121 119 119 120 120 119 120 120 121 120 119 120 120 120 120 120 121 120 119 119 118 119 120 120
121 119 120 120 121 120 120 120 121 120 120 120 121 121 120 120 121 120 119 120 117 122 120 120 121 120 119 119 120 119 120 120 121 120 119 121 120 120 119 120 121 120 119 120 119 120 119 120 121 120 119 120 119 120 120 119 121 120 119 120 119 120 120 120 121 120 119 120 119 119 120 120 121 120 120 120 121 121 120 119 121 120 119 120 120 120 120 119 121 120 119 120 119 120 120 120 121 120 119 120 119 120 120 120 121 120 119 120 119 120 120 120 120 119 120 119 120 120 120 120 121 120 119 120 122 120 119 120
121 120 119 120 121 120 119 120 121 120 120 119 120 120 120 119 121 120 119 119 113 119 120 120 121 120 119 120 119 120 120 120 121 120 119 121 115 121 120 119 121 120 119 121 127 121 120 120 121 120 119 119 124 120 119 120 121 119 120 119 120 120 119 120 121 120 119 120 119 120 119 120 121 120 119 119 119 120 120 120 121 120 119 120 118 119 120 120 121 120 119 120 119 121 120 120 121 119 119 120 120 123 120 120 121 120 119 120 119 120 120 120 121 120 120 119 120 119 120 120 121 120 119 120 120 119 120 120
121 120 119 119 119 120 120 120 121 120 119 120 119 120 120 120 121 120 119 120 117 120 119 120 121 119 120 120 124 120 120 119 121 120 119 120 115 119 120 120 121 120 119 121 121 119 120 120 121 120 119 120 119 119 120 120 121 120 119 120 122 121 120 120 121 120 119 120 122 123 121 120 121 120 119 119 120 120 120 120 121 119 119 121 117 119 119 120 121 120 119 119 120 119 120 120 121 120 119 120 119 121 120 119 121 120 119 120 120 120 120 119 121 120 119 120 120 120 120 119 121 120 119 120 121 121 120 120
121 120 120 120 121 120 119 121 121 120 119 119 118 119 120 120 121 120 119 120 120 120 119 120 121 120 119 120 121 120 119 120 121 120 119 120 120 120 120 120 121 120 119 120 117 120 120 120 121 120 119 120 116 120 120 120 121 120 119 119 117 120 119 120 121 120 120 120 119 119 120 119 121 119 120 120 123 121 120 120 121 120 119 120 122 122 120 120 121 120 119 120 117 120 120 120 121 120 119 120 120 118 120 120 120 120 119 120 121 120 119 120 121 120 119 120 118 120 120 120 121 119 120 119 118 120 120 120
121 119 120 119 124 120 120 120 121 119 120 119 122 119 120 120 121 120 119 120 118 119 120 120 122 121 121 121 118 121 121 121 121 120 119 120 119 121 120 120 121 120 119 120 120 119 120 120 121 120 119 120 119 121 120 119 121 120 119 120 119 120 119 120 120 119 120 119 121 119 120 120 121 120 120 120 119 120 119 120 120 120 119 120 121 120 120 120 121 120 120 120 120 121 119 120 121 120 119 120 118 120 119 121 121 119 119 120 120 120 119 120 121 120 119 120 120 120 119 120 121 120 119 121 120 120 120 120
121 120 119 120 119 121 120 120 121 120 119 120 120 121 120 120 121 120 119 119 121 121 120 120 121 120 119 120 120 120 119 120 121 120 119 120 117 119 120 120 121 120 119 120 121 119 120 120 121 120 119 120 118 119 120 120 121 120 120 120 121 122 120 120 121 120 119 120 116 120 120 120 121 120 119 119 121 119 120 120 121 120 120 120 121 120 120 119 121 120 119 120 119 121 120 120 121 120 119 119 118 119 120 119 121 119 120 119 121 119 120 120 121 120 119 120 119 119 120 120 121 120 119 120 121 121 120 120
121 120 119 119 119 122 120 120 121 120 119 119 117 120 120 120 121 120 119 120 119 120 120 120 121 120 119 121 131 120 120 120 122 120 120 121 120 120 119 120 121 120 119 119 116 119 120 120 121 120 119 119 114 119 120 120 121 120 119 120 117 120 120 120 121 120 119 121 120 121 120 120 121 120 119 120 123 122 120 119 121 120 119 119 121 121 119 120 121 120 120 119 121 120 120 120 121 120 119 120 119 120 120 119 121 120 119 119 120 118 120 120 121 120 119 120 119 120 120 120 121 120 119 120 119 120 119 120
121 120 119 120 119 120 119 120 121 119 120 119 120 120 120 120 121 120 119 120 120 120 120 119 121 120 119 120 120 120 119 121 121 120 119 120 119 120 119 120 121 120 119 120 119 120 120 120 121 120 119 120 120 120 120 120 121 120 119 120 119 120 120 120 121 120 119 120 119 120 120 120 121 120 119 120 119 120 119 121 121 120 119 120 119 121 120 120 120 120 119 120 120 120 119 120 121 120 119 120 118 121 119 120 120 120 119 120 121 119 120 120 121 120 119 120 122 120 119 120 121 120 119 120 118 119 120 120
121 120 120 119 117 119 120 120 121 120 119 120 120 119 120 120 121 120 119 120 118 118 120 119 121 120 119 121 125 122 120 120 121 120 119 119 120 122 120 120 121 120 119 119 120 121 119 121 121 119 119 120 120 120 119 120 121 120 119 122 121 120 120 119 121 120 119 120 119 119 120 120 121 120 119 119 118 120 120 120 121 120 119 120 120 120 120 120 121 120 119 120 121 119 120 120 120 120 119 120 119 120 119 120 121 120 119 120 115 120 119 120 121 120 120 120 117 119 120 120 121 120 119 119 121 121 120 120
121 119 120 119 118 120 120 120 121 120 119 120 118 120 120 120 121 120 120 121 134 122 120 120 121 120 119 120 119 120 119 120 121 120 119 120 116 119 120 120 121 119 119 120 118 120 120 120 121 120 119 120 119 120 119 121 121 120 119 120 119 119 120 120 121 120 119 120 116 121 120 120 121 120 119 121 121 122 120 119 121 120 119 120 121 121 120 120 121 120 120 119 120 119 120 120 121 120 119 120 118 119 120 120 121 120 119 120 119 120 120 119 121 120 119 120 120 120 120 120 121 119 119 120 119 120 120 120
121 120 119 120 120 120 119 120 121 120 119 120 119 121 120 120 121 120 119 119 120 120 120 119 121 119 120 119 120 120 119 120 121 120 119 120 120 120 120 120 121 120 119 120 120 120 120 120 121 120 119 120 119 120 120 120 121 120 119 120 122 121 120 120 121 120 119 120 122 121 120 120 121 119 120 120 116 119 120 120 121 120 119 120 117 118 121 120 121 119 120 120 122 120 120 120 121 119 120 120 120 123 120 120 121 120 119 119 117 121 120 120 120 120 119 120 120 119 120 119 121 120 119 120 121 120 120 120
121 120 119 120 120 120 120 120 121 120 119 120 120 119 120 120 121 120 119 120 120 119 120 120 121 120 120 120 120 119 120 120 121 120 119 120 119 119 120 119 121 120 119 120 119 119 120 120 121 121 119 120 121 122 120 120 121 119 119 119 119 122 120 120 121 120 119 121 123 120 120 119 121 120 119 119 121 120 120 120 121 120 119 119 119 120 120 120 121 120 119 119 117 120 120 120 121 120 120 121 120 119 121 120 121 120 119 119 125 119 119 120 121 120 119 120 120 120 120 120 121 120 119 119 119 120 119 120
121 119 120 120 119 120 119 120 121 120 119 120 119 121 120 120 121 120 119 118 118 121 120 120 121 119 119 120 120 120 120 120 121 120 119 120 119 120 119 120 121 120 119 120 119 119 120 120 121 120 120 120 120 121 120 120 121 120 119 120 120 120 120 120 121 120 119 119 118 120 120 120 121 120 119 120 119 120 120 120 120 120 119 120 124 119 120 120 121 120 119 120 120 119 120 120 121 120 120 120 117 121 120 120 121 120 119 120 116 122 120 120 121 120 120 120 118 120 120 120 121 120 119 120 123 119 120 120
121 120 119 120 122 119 120 120 121 120 119 120 118 119 120 119 121 121 119 119 116 119 120 120 121 119 119 120 122 122 120 120 121 120 119 120 118 120 119 121 121 120 119 120 119 120 119 120 121 120 119 120 120 119 120 120 121 120 119 120 120 120 120 119 121 119 120 119 123 122 120 120 121 120 120 120 120 119 120 119 121 120 119 120 119 120 119 121 121 120 119 120 119 120 120 120 121 120 119 120 119 120 120 120 121 120 119 120 119 120 120 120 121 119 120 119 120 120 119 120 121 119 119 120 120 120 119 120
121 120 119 120 120 120 120 120 121 120 119 121 116 120 120 120 121 119 120 120 124 121 120 120 121 120 120 120 119 120 120 120 121 119 119 119 117 119 120 120 121 120 119 120 120 120 120 120 121 120 119 121 120 120 120 120 121 120 120 120 120 119 120 120 121 120 119 120 120 120 119 120 121 120 119 120 123 120 120 120 121 120 119 120 119 120 120 120 121 120 119 118 112 119 120 120 121 120 120 121 123 121 120 120 120 120 119 120 127 120 120 120 121 120 119 120 120 119 120 120 121 119 119 119 118 120 119 120
121 120 119 120 118 119 120 120 121 120 119 120 121 120 120 120 121 120 119 120 119 120 119 121 121 120 119 120 117 121 120 120 120 119 120 120 122 120 120 120 121 120 119 120 122 120 119 120 121 120 119 120 119 120 120 119 121 120 119 119 117 119 120 120 121 120 119 120 120 120 120 120 121 119 120 119 122 123 120 120 121 120 119 120 119 121 120 120 121 120 119 121 123 120 120 120 121 120 119 120 120 120 120 120 121 120 119 120 119 119 120 120 121 120 119 120 119 119 120 119 121 120 119 120 119 119 120 120
121 120 119 120 120 120 120 120 121 120 119 120 121 120 119 120 121 120 119 121 120 121 120 120 121 120 119 120 119 120 119 120 121 120 119 120 119 120 120 120 121 120 119 120 119 120 120 120 121 120 119 120 120 120 120 120 121 120 119 120 119 120 119 120 121 119 120 119 118 120 120 120 121 120 119 120 119 120 119 120 121 120 119 120 119 120 119 121 121 120 120 119 117 120 119 120 121 120 119 121 127 121 120 120 121 120 119 119 121 120 120 120 121 120 119 120 119 121 120 120 121 120 119 120 113 120 120 120
121 120 119 120 119 120 120 120 121 120 119 120 121 120 120 120 121 119 119 120 121 120 120 120 121 120 119 119 119 120 120 120 121 120 119 120 121 120 120 120 121 120 119 120 119 120 119 120 121 120 119 120 119 120 119 120 121 120 119 120 117 120 120 120 121 120 119 121 122 121 120 120 121 120 119 120 121 122 120 120 121 120 119 120 119 121 120 120 121 120 119 119 119 118 120 120 121 120 119 120 119 120 120 120 121 120 119 120 118 120 120 120 121 120 119 120 117 120 120 120 121 120 119 119 117 120 120 119
121 120 119 119 118 121 120 120 121 120 119 121 128 120 120 120 121 120 119 120 120 120 119 121 121 120 119 119 119 121 120 120 121 120 119 120 119 120 119 120 121 120 120 120 117 119 121 120 121 120 119 118 120 119 120 120 121 120 119 120 121 120 119 120 121 120 119 120 117 120 120 119 121 120 119 120 114 121 119 121 121 120 120 120 122 121 120 120 121 119 120 120 122 122 120 119 121 120 119 120 120 118 120 119 121 120 119 120 120 119 120 120 121 119 120 119 120 119 120 120 121 120 119 120 122 120 120 120
121 120 119 120 122 120 119 120 121 120 119 120 120 120 120 119 122 120 119 119 108 119 120 120 121 120 119 120 119 120 120 120 121 120 119 120 121 120 120 120 121 120 120 119 122 121 120 120 121 120 119 120 120 120 120 120 121 120 119 121 120 120 119 120 121 120 119 119 121 120 119 120 121 120 119 120 120 120 119 120 121 120 119 121 120 120 120 120 121 120 119 120 118 120 120 120 120 119 119 119 119 119 120 119 121 120 119 120 121 122 120 120 121 120 119 120 119 122 120 120 121 120 119 119 121 120 120 120
121 120 119 120 120 120 120 120 122 120 119 120 117 120 119 121 121 120 119 121 120 119 120 120 121 120 119 120 120 120 119 120 121 120 119 120 119 121 120 120 121 120 119 120 120 120 120 120 121 120 119 120 120 120 120 120 121 120 119 120 119 120 120 120 121 120 119 120 119 120 119 121 121 120 119 120 121 120 120 120 121 120 119 121 120 120 119 120 121 120 119 120 116 118 120 120 121 120 119 120 121 120 119 120 121 120 119 120 119 120 120 120 120 120 119 120 125 121 120 119 121 120 119 120 122 121 120 120
121 120 119 119 118 120 120 120 121 120 119 119 111 121 120 120 122 120 119 120 117 120 119 120 121 120 119 121 128 120 119 121 121 120 119 121 120 120 119 120 121 120 120 119 119 120 119 120 121 120 119 120 120 120 119 120 121 120 119 120 119 120 120 120 121 120 120 120 120 120 119 120 121 120 119 120 121 120 120 120 121 120 119 120 120 120 120 120 120 120 119 120 116 119 120 120 121 120 119 119 120 120 119 120 121 120 119 119 119 122 120 120 121 120 120 121 120 122 120 119 121 119 119 120 121 119 120 120
121 120 119 120 120 120 120 120 121 120 119 120 116 120 119 120 121 120 119 120 117 120 119 120 121 120 119 121 119 120 120 120 121 120 119 120 121 120 120 120 121 120 119 120 121 120 119 120 121 120 119 120 120 119 120 120 121 120 119 121 120 120 119 120 121 120 119 120 120 120 120 120 121 120 119 120 119 121 120 120 121 120 119 120 119 120 120 120 121 120 119 120 120 120 120 120 121 120 119 120 120 119 120 120 121 120 119 120 119 119 120 120 121 120 120 119 119 120 119 120 121 120 119 120 119 121 120 120
121 120 119 121 125 122 120 120 121 120 120 120 119 121 120 120 121 119 119 119 119 119 119 120 121 120 120 120 120 120 120 120 121 120 119 120 117 119 120 120 121 120 119 119 117 120 120 120 121 119 120 120 120 120 120 120 121 120 119 121 119 119 120 120 121 120 120 119 120 119 120 120 121 120 119 120 122 121 120 120 121 119 120 119 119 123 120 120 121 120 119 119 117 120 120 120 121 120 119 120 116 120 120 120 121 120 120 122 127 120 120 120 121 120 119 120 120 118 120 120 121 119 120 119 119 120 119 120
121 120 119 120 119 120 120 120 121 120 119 120 120 120 120 120 121 120 119 118 117 121 119 120 121 120 119 120 120 122 120 120 121 120 119 120 119 119 120 120 121 120 119 120 120 119 120 120 121 120 119 119 121 120 119 121 121 120 119 119 119 120 120 120 121 120 120 119 120 120 120 120 121 120 119 121 121 119 120 119 121 120 119 120 116 120 120 120 121 119 120 119 118 121 120 120 121 120 119 120 119 121 120 120 121 120 119 120 121 119 121 120 121 120 119 120 121 120 119 120 121 120 119 120 120 120 120 120
121 120 119 120 120 120 120 120 121 120 119 120 120 119 120 120 121 120 119 120 119 120 120 120 121 119 119 120 120 120 120 120 121 120 119 120 120 120 119 121 121 120 119 120 119 120 120 120 121 120 119 120 119 120 120 119 121 119 120 120 119 120 120 120 121 120 119 120 121 121 120 120 121 120 120 120 121 120 119 120 121 120 119 120 119 120 119 120 121 120 119 120 119 120 119 120 121 120 119 120 118 119 120 120 121 120 119 120 120 120 120 120 121 120 119 120 124 121 120 120 121 120 119 120 120 121 120 120
121 120 119 119 119 120 120 120 121 120 119 119 118 120 120 120 121 120 119 120 120 120 120 120 121 120 119 120 117 119 119 120 121 120 119 120 120 119 120 120 121 120 120 120 117 120 119 120 121 120 119 119 120 120 119 120 121 120 119 120 120 119 120 120 121 120 119 120 121 120 120 120 121 120 119 120 119 120 120 120 120 120 119 121 121 120 120 120 122 120 119 120 121 120 120 120 121 119 120 119 120 121 120 120 121 120 119 119 118 119 120 120 121 119 119 120 120 120 119 120 121 120 120 119 119 120 119 120
121 120 119 120 122 120 119 120 121 120 119 120 121 119 120 120 121 120 119 120 113 121 120 120 121 120 119 119 115 119 120 120 121 120 119 121 120 120 120 120 120 120 119 121 130 121 120 120 120 120 119 120 121 122 120 119 121 120 119 120 117 120 120 120 121 120 119 121 117 119 120 120 121 120 119 120 120 119 120 120 121 120 119 120 120 119 120 120 121 120 120 119 120 119 120 120 121 120 119 120 119 120 119 120 121 120 119 120 119 120 119 120 121 120 120 119 119 120 119 120 121 120 119 120 119 120 120 120
