123 121 120 120 121 121 121 120 122 121 121 121 121 120 121 121 122 121 121 121 120 120 121 120 123 121 121 120 120 121 121 121 123 121 120 120 120 120 121 121 123 121 120 121 121 121 121 120 123 122 120 120 121 121 121 120 122 121 121 121 121 121 121 121 123 121 121 120 121 121 121 120 122 121 120 121 121 120 121 121 123 121 120 121 121 121 121 120 122 121 121 121 121 121 121 120 122 121 120 121 121 121 121 120 122 121 121 121 120 120 121 120 122 121 120 121 121 121 121 120 123 121 121 121 121 121 121 121
123 121 120 121 121 121 121 120 122 121 121 121 121 120 121 120 122 121 121 120 120 121 121 121 123 121 120 121 120 121 121 120 123 121 120 121 121 121 121 120 123 121 120 120 121 121 121 121 122 121 121 121 120 121 121 121 122 121 121 121 120 121 121 120 122 121 121 121 120 121 121 121 122 120 120 121 121 121 121 120 123 121 121 121 121 120 121 121 123 121 120 121 121 121 121 120 122 121 121 121 121 120 120 120 122 122 121 120 120 120 121 120 123 121 120 121 121 121 121 120 122 121 121 121 121 120 121 121
123 121 121 120 121 121 121 120 122 121 121 121 121 120 120 120 122 121 121 121 121 121 121 121 123 121 121 121 121 121 121 120 122 121 120 120 120 120 121 121 122 120 120 121 121 120 121 120 123 121 120 121 120 121 121 120 122 121 121 120 120 120 120 120 122 121 121 121 121 120 120 120 123 121 120 121 121 120 121 120 122 121 121 120 120 121 121 121 122 121 121 121 120 120 121 120 123 121 121 121 121 121 121 120 122 121 120 121 121 120 120 120 122 121 120 121 121 121 121 120 122 121 121 121 121 120 121 120
122 121 121 121 121 120 120 120 122 120 121 121 121 120 120 120 122 121 121 121 120 121 121 121 122 121 121 121 120 121 121 121 123 121 120 121 121 121 121 120 123 121 120 121 121 121 121 120 122 121 120 121 121 120 120 120 122 122 120 121 121 121 121 120 123 121 120 121 121 121 121 120 122 121 121 121 121 120 121 121 122 121 121 121 120 121 121 121 122 121 121 121 121 120 121 121 123 121 120 121 121 121 121 120 122 121 121 121 120 120 121 121 123 121 120 121 120 120 121 120 122 121 120 121 121 120 121 120
122 121 120 121 121 120 121 120 122 121 121 121 121 120 121 120 122 121 121 121 121 120 120 121 122 121 121 121 121 120 120 120 122 120 120 121 121 121 121 120 122 121 120 121 121 121 121 120 122 121 121 121 120 120 121 121 122 121 121 121 120 120 120 120 122 122 120 121 120 121 121 120 122 121 120 120 121 121 121 120 122 121 120 121 121 121 121 120 122 121 121 121 120 120 121 120 122 121 121 121 121 120 121 120 123 121 121 121 120 120 121 121 122 121 120 121 120 121 121 121 122 121 121 121 120 120 121 121
122 121 120 121 121 121 121 120 122 121 121 121 120 120 121 121 123 121 121 121 121 120 121 121 122 121 120 121 120 120 121 120 122 121 121 121 120 120 121 121 122 121 120 121 121 120 121 120 123 121 120 121 120 120 121 120 123 121 120 121 120 120 121 121 123 121 120 120 120 120 121 120 122 121 121 121 121 120 120 120 122 121 121 120 121 120 120 120 122 121 120 121 121 120 121 120 122 121 121 121 121 120 120 120 123 121 120 121 121 121 121 120 122 121 121 121 121 120 120 120 122 121 121 121 121 120 121 120
122 121 121 121 121 121 120 120 123 121 121 120 121 121 121 120 122 121 120 121 121 120 121 120 122 121 121 121 121 120 120 120 122 121 121 121 120 120 120 120 122 121 121 121 120 120 121 121 122 121 121 120 121 120 121 120 123 121 120 121 121 121 121 120 122 120 120 121 121 121 121 121 122 121 121 121 121 121 121 121 123 121 121 120 120 120 120 120 122 121 120 121 121 120 121 120 122 121 120 121 121 121 121 120 122 121 120 121 121 121 121 120 123 122 120 121 120 120 121 121 123 121 121 121 121 120 121 121
122 121 120 121 121 121 121 120 122 121 121 121 121 121 121 121 123 121 120 121 121 121 121 120 122 121 121 121 120 121 121 120 122 122 120 121 121 120 121 120 122 121 121 121 121 120 121 121 122 121 120 121 121 120 120 120 122 121 120 121 121 120 121 121 122 121 120 121 121 121 121 120 122 121 121 121 120 120 121 120 123 121 120 121 121 121 121 120 122 121 121 121 120 120 121 121 122 121 120 121 121 121 121 120 122 121 121 121 120 121 121 120 122 121 121 120 120 120 121 120 122 121 121 121 121 120 121 121
123 121 120 120 120 120 121 121 123 121 121 121 121 121 121 121 122 121 121 121 121 120 120 120 123 121 120 120 121 120 121 121 123 121 120 121 121 120 121 121 122 121 121 121 121 120 121 120 123 121 121 121 120 121 121 121 122 121 121 121 121 120 121 121 122 121 120 121 121 121 121 120 122 121 120 120 120 120 121 121 122 121 120 120 121 120 121 120 122 121 120 120 120 121 121 120 122 121 120 121 121 120 121 121 122 121 121 121 120 120 121 121 122 122 120 120 120 120 121 120 122 121 120 121 121 121 121 120
122 121 120 120 120 120 121 121 123 121 120 121 121 121 121 120 122 121 121 121 121 120 121 121 123 121 120 120 121 121 121 120 122 121 120 121 121 120 120 120 122 121 120 121 121 121 121 120 123 121 120 121 121 121 121 120 123 121 121 121 120 121 121 121 122 121 120 121 121 121 121 120 123 121 120 120 120 120 121 121 122 121 120 121 121 120 121 120 122 121 121 121 120 120 121 121 122 121 121 121 120 120 121 121 123 122 120 121 121 121 121 121 122 121 121 120 120 121 121 121 123 121 120 120 121 120 121 121
122 121 120 121 121 121 121 120 123 121 120 120 121 121 121 120 122 121 120 121 121 121 121 120 122 121 120 121 121 121 121 120 122 121 120 121 121 121 121 120 122 121 121 121 120 121 121 121 123 121 120 121 121 120 121 120 122 121 120 121 121 121 121 120 123 122 121 121 121 121 122 120 122 121 121 121 120 120 121 121 123 121 120 120 120 120 121 121 122 121 120 121 120 120 121 121 122 121 120 121 121 121 121 120 122 121 121 121 120 120 120 120 122 121 120 121 121 120 121 121 122 121 121 121 121 120 121 121
122 121 121 121 120 121 121 121 122 121 121 121 120 120 121 121 122 121 121 121 120 120 121 121 122 121 120 121 121 120 121 120 122 120 120 121 121 121 121 120 122 121 120 121 121 120 120 121 122 121 121 121 120 120 121 121 122 121 120 121 121 120 121 120 122 122 120 120 121 121 121 121 122 121 121 121 120 121 121 120 122 121 120 120 121 120 121 121 122 121 120 121 121 121 120 120 122 121 121 121 120 120 120 121 122 121 121 121 120 120 121 121 123 121 120 120 120 120 121 121 123 121 120 121 120 120 121 120
122 121 121 121 120 120 121 121 123 121 120 121 121 121 121 120 123 121 120 121 121 120 121 120 122 121 121 121 120 120 120 120 122 122 121 120 120 121 121 121 122 121 121 121 120 121 121 121 122 121 120 120 121 121 121 120 122 121 121 121 120 120 121 121 122 121 120 121 121 120 121 120 122 121 121 121 120 121 121 121 123 122 120 121 121 121 121 121 122 121 120 121 121 121 121 120 123 121 121 120 120 120 121 121 122 121 120 120 120 120 121 120 122 121 120 121 121 121 121 120 123 121 120 121 121 121 121 120
122 121 120 121 121 120 121 121 123 121 121 120 120 120 120 120 122 121 121 121 121 120 121 121 123 121 120 121 121 121 121 120 122 121 121 121 121 120 121 121 123 121 120 120 121 121 121 120 122 121 121 121 121 121 121 120 122 121 121 121 120 121 121 120 123 121 120 121 121 121 121 120 122 120 120 121 121 120 121 120 122 121 121 121 120 120 121 120 122 121 120 121 121 120 121 120 122 121 120 121 121 120 120 120 122 121 121 121 120 120 120 120 122 121 121 121 120 120 121 121 123 121 121 121 120 121 121 120
122 121 121 121 120 120 121 121 123 121 120 121 121 121 121 120 122 121 121 121 120 120 121 120 122 121 120 121 121 120 120 120 122 121 120 121 121 120 120 120 122 121 121 121 121 120 121 120 122 121 121 121 120 121 121 121 123 121 120 121 121 121 121 120 122 121 120 121 120 120 121 121 122 121 121 121 120 120 121 121 122 121 120 120 121 121 121 121 122 121 121 121 121 120 120 120 122 121 121 120 120 120 121 120 122 121 120 121 121 121 121 120 122 121 120 121 120 120 121 120 122 122 120 121 120 120 121 121
122 121 121 121 120 120 121 120 122 121 121 121 120 120 121 121 122 121 121 121 121 121 121 120 123 121 120 121 121 121 121 120 123 121 121 121 120 120 121 121 122 121 121 121 120 120 121 121 122 121 121 121 120 120 121 121 123 121 120 121 120 120 121 121 122 120 120 121 121 121 121 120 123 121 120 121 121 121 121 120 122 121 121 121 120 120 120 120 122 121 120 120 120 120 121 121 122 121 121 121 121 120 121 120 122 121 120 121 121 121 121 121 122 121 120 121 121 120 120 120 122 121 120 121 121 120 121 121
123 121 120 121 121 121 121 120 122 120 120 120 121 121 121 123 122 121 120 121 121 120 120 121 122 121 121 121 121 120 121 118 122 121 121 121 121 121 121 118 122 121 120 121 121 121 121 120 122 121 120 121 121 120 121 121 122 120 121 121 121 120 121 120 123 121 120 121 121 120 121 120 123 121 121 121 120 120 121 121 122 121 121 121 120 120 120 120 123 121 120 120 120 121 121 121 122 121 121 121 121 121 120 120 123 121 120 120 120 121 121 121 122 121 120 121 120 121 121 121 122 121 120 121 120 121 121 120
122 121 121 121 121 121 120 120 122 121 121 121 121 121 121 121 122 121 120 121 121 121 121 120 123 121 120 121 120 120 121 120 122 121 120 121 121 120 121 120 123 121 120 121 121 121 122 121 123 121 120 121 120 121 121 120 122 121 121 121 121 120 121 121 122 121 121 121 121 121 121 120 123 121 120 121 121 121 121 120 122 121 121 121 121 120 121 121 122 121 121 121 121 120 121 120 122 121 121 121 121 120 120 120 122 121 121 121 121 120 121 121 122 121 120 121 121 120 120 120 122 120 120 121 121 121 121 120
122 120 120 121 121 121 121 120 122 121 120 121 121 121 120 120 123 121 120 120 121 121 121 121 123 121 121 120 120 121 121 120 122 121 120 120 120 120 120 120 122 121 121 121 121 120 121 121 122 121 121 121 120 121 121 120 122 121 120 121 121 121 121 120 122 121 120 121 121 121 121 120 123 122 120 120 121 121 121 121 122 121 120 121 121 121 120 120 122 121 120 121 121 121 121 120 122 121 120 121 121 121 121 120 122 121 120 121 121 120 121 120 122 121 120 121 121 120 121 121 122 121 121 121 121 120 121 121
122 121 121 120 121 120 121 121 123 122 120 121 121 121 121 121 123 121 120 121 121 121 122 121 122 121 121 121 121 121 121 121 122 121 121 121 120 120 121 121 122 120 120 121 121 121 120 120 122 121 120 121 121 121 121 120 122 121 120 121 121 121 121 120 122 121 121 121 121 120 120 121 122 121 120 121 121 120 121 120 122 121 120 120 120 120 121 121 122 121 121 121 121 121 121 120 123 122 120 121 121 121 121 120 123 121 120 121 120 120 121 121 122 121 120 121 121 121 121 120 122 121 121 121 120 120 121 121
122 121 121 121 121 120 121 120 123 121 121 120 121 121 121 121 122 121 121 121 121 120 121 120 122 121 120 121 121 120 120 120 122 121 121 121 120 121 121 120 123 121 120 121 121 121 121 120 122 121 121 121 121 120 121 121 123 121 120 121 121 121 121 120 123 121 121 121 120 121 121 121 122 121 121 121 120 121 121 121 122 121 120 121 121 121 121 121 122 120 120 121 121 120 120 120 123 122 120 121 121 121 121 120 122 121 121 122 121 120 121 121 122 121 121 121 121 121 121 121 122 120 120 120 120 121 121 120
122 121 121 121 120 120 121 120 122 121 120 121 121 120 121 120 122 121 121 121 121 120 120 120 122 120 120 121 121 121 121 120 123 121 120 121 121 121 121 121 122 121 121 121 120 120 120 120 122 121 121 121 120 121 121 121 123 121 120 120 120 120 121 121 122 121 121 121 121 120 121 121 122 121 121 121 121 120 121 121 123 121 120 121 121 121 121 120 122 121 121 121 121 120 121 120 122 121 120 121 121 120 121 121 122 121 121 121 121 120 121 120 122 121 121 121 121 120 121 120 122 121 121 121 121 120 121 121
122 121 121 121 120 120 121 121 122 121 121 121 120 120 121 120 122 121 120 121 121 121 121 120 122 120 120 121 121 121 121 120 122 121 121 121 121 121 120 120 122 121 121 121 120 121 121 121 122 121 120 121 121 120 120 120 122 121 121 121 121 120 121 121 123 122 121 121 121 121 121 120 122 121 121 121 121 120 121 121 122 121 120 121 121 121 120 121 122 121 121 121 121 121 120 120 122 121 121 121 121 120 121 120 123 121 120 121 121 120 121 121 122 121 120 121 121 120 121 120 122 121 120 121 121 121 121 120
122 121 120 121 121 120 120 120 123 121 121 121 120 121 121 121 123 121 120 121 120 120 121 121 122 121 121 121 120 120 121 121 123 121 121 121 121 120 121 121 123 121 121 121 120 121 121 121 122 121 120 121 121 121 121 120 122 121 120 121 121 120 121 120 122 120 121 121 121 120 121 120 123 121 120 121 120 120 121 121 122 121 120 121 121 121 121 120 122 121 120 121 121 120 121 120 122 121 121 121 121 121 120 120 122 121 121 121 120 120 121 120 123 121 120 121 121 121 121 120 123 121 120 120 121 121 121 120
122 121 121 121 121 120 120 121 122 121 120 121 121 121 121 120 122 121 121 120 120 120 121 121 122 120 120 120 120 121 121 120 122 121 120 121 120 120 121 120 122 121 120 121 121 121 121 121 123 121 120 121 120 120 121 121 122 121 121 121 120 120 120 121 122 121 121 121 121 121 121 120 123 121 120 121 120 121 121 120 123 121 120 121 121 121 121 120 122 121 120 121 121 121 121 120 122 121 120 121 121 121 121 120 122 121 120 121 121 121 121 120 122 121 121 121 121 120 121 120 122 121 121 121 120 120 120 120
123 121 120 120 121 120 121 121 122 121 121 121 120 121 121 121 122 121 120 121 120 120 121 120 123 121 120 121 121 121 121 120 122 121 121 121 121 120 121 120 122 121 121 121 121 120 120 121 123 121 120 121 121 121 121 120 122 121 121 121 120 120 121 121 123 121 120 121 121 121 121 120 123 121 120 120 120 120 121 121 122 121 120 121 121 121 121 120 122 121 120 121 121 121 120 120 122 121 120 121 121 121 121 120 123 121 120 120 120 121 121 120 123 121 121 121 120 121 121 120 122 121 120 121 121 121 121 120
122 121 121 121 121 120 121 121 122 121 121 121 120 121 121 121 123 121 120 121 121 121 121 120 122 121 121 121 121 120 121 120 123 121 120 120 121 121 121 120 123 121 120 120 120 120 121 120 122 121 120 121 121 121 121 120 123 121 120 121 121 121 121 120 122 121 120 121 120 120 121 120 123 121 121 121 120 120 121 121 122 121 121 121 121 121 121 120 122 121 120 121 121 120 121 120 122 121 120 121 121 121 121 120 122 121 121 121 121 120 121 120 122 121 120 121 121 120 121 120 122 121 121 121 121 121 121 120
122 121 120 121 121 121 121 120 122 121 120 121 121 121 121 120 123 121 120 121 121 121 121 120 122 121 121 121 121 120 121 121 122 121 121 121 121 120 121 121 122 121 120 120 120 120 121 120 122 121 120 120 121 121 121 121 122 121 121 121 120 120 121 121 122 121 120 120 120 120 121 120 122 121 121 121 120 120 121 121 122 121 120 120 120 120 121 120 122 121 120 121 121 120 120 120 122 121 120 120 121 121 121 121 122 121 121 121 121 120 121 121 123 121 121 121 120 121 121 121 122 121 121 121 120 120 121 120
122 121 120 121 121 120 121 120 122 121 120 121 121 121 121 120 122 121 120 121 121 120 120 120 122 121 121 121 121 120 121 120 123 121 120 121 120 121 121 121 123 121 120 120 120 120 121 121 123 121 121 121 121 120 120 121 122 121 120 121 121 120 121 120 122 121 121 121 120 120 120 121 122 120 120 121 121 121 121 120 123 121 120 120 120 121 121 121 122 121 121 121 121 120 121 120 123 121 120 121 121 120 121 120 122 121 121 120 121 121 121 121 123 121 120 121 121 121 121 120 122 121 121 121 121 120 121 121
122 121 121 120 120 120 121 121 123 121 121 120 121 120 121 121 123 121 120 120 121 121 121 120 122 121 121 121 120 120 122 121 122 121 120 120 120 121 121 120 122 121 121 121 120 121 121 120 123 121 120 121 120 121 121 120 122 121 121 121 120 120 121 121 123 121 121 121 120 120 121 120 122 121 121 121 121 120 121 120 123 121 120 121 120 120 120 120 123 121 120 121 121 121 121 120 122 121 120 121 121 121 121 120 123 121 120 120 121 121 121 121 123 121 120 121 121 121 121 120 122 121 121 121 121 120 121 121
123 121 120 121 121 120 121 120 122 121 120 121 121 121 121 120 122 121 121 121 121 120 121 121 122 121 120 121 121 120 121 121 122 121 120 121 121 121 120 120 122 121 121 121 121 120 120 120 122 120 120 121 121 120 120 120 122 121 120 121 120 120 121 120 122 121 120 121 121 121 121 120 123 121 120 121 121 121 121 120 122 121 120 121 121 120 121 121 123 121 121 121 121 121 121 120 122 121 121 121 121 121 121 120 123 121 121 121 120 121 121 121 123 121 120 121 121 121 121 120 122 121 120 120 120 121 121 121
122 121 120 120 121 120 121 120 122 121 121 121 120 120 121 121 122 121 121 121 121 120 121 121 123 121 120 121 121 121 121 120 122 121 121 121 121 120 121 120 123 121 120 121 121 121 121 120 122 121 121 121 121 120 121 120 123 121 121 121 121 121 121 120 122 121 120 121 121 121 121 120 122 121 121 121 120 120 120 121 122 121 121 121 121 120 121 121 122 121 120 120 120 120 121 120 122 121 120 120 121 120 120 120 122 120 121 121 121 121 120 120 122 121 121 121 121 120 120 120 122 121 121 121 121 121 121 120
122 121 121 121 120 120 121 121 122 121 121 121 121 120 121 121 123 121 120 121 121 120 121 120 122 121 120 120 121 121 121 121 122 121 120 120 121 121 121 120 122 121 120 121 121 120 121 120 123 121 120 120 120 120 121 121 122 121 121 121 120 120 121 121 122 121 120 121 121 121 120 120 122 121 121 121 120 120 121 121 122 121 121 121 121 120 121 121 122 121 121 121 121 120 121 121 122 121 121 121 121 121 121 121 123 121 120 120 121 121 121 120 122 121 121 121 121 120 120 120 123 122 120 121 120 120 121 121
122 121 121 121 121 120 121 121 122 121 121 121 120 120 121 120 123 121 120 121 121 121 121 120 122 121 120 121 121 120 120 120 122 121 120 121 121 120 121 120 122 121 120 120 121 120 121 120 122 121 121 121 121 120 121 121 122 121 121 121 120 120 121 121 122 121 120 120 121 121 121 120 123 121 121 121 120 120 121 121 122 121 120 121 121 121 121 120 123 121 121 121 120 120 121 120 122 121 121 121 121 121 121 120 122 121 121 121 120 120 121 121 123 122 120 120 120 120 121 120 122 121 120 121 121 120 121 121
122 121 121 121 121 120 121 120 122 121 121 121 121 120 120 120 123 121 120 121 121 121 121 120 122 121 121 121 121 120 121 121 122 121 120 120 120 121 121 121 122 122 121 121 120 120 121 120 122 120 120 121 121 121 121 120 122 120 120 121 121 121 121 120 123 121 120 121 121 121 120 120 122 121 120 121 121 121 120 120 123 122 120 120 120 121 121 120 123 121 120 120 121 120 121 121 123 121 121 121 120 121 121 121 122 121 120 121 121 120 121 120 122 121 121 121 121 120 120 120 123 121 121 121 120 120 121 121
122 121 120 121 121 120 121 120 122 121 121 121 121 121 120 120 123 121 120 121 121 121 121 121 122 121 120 121 121 120 121 120 122 121 121 121 121 121 121 120 123 121 120 120 121 121 121 120 123 121 121 121 120 121 121 121 122 121 120 121 120 121 121 120 122 121 120 121 120 120 121 120 122 121 120 121 121 120 121 120 122 121 121 121 120 120 121 121 123 121 120 120 120 120 121 120 123 121 120 121 121 121 121 120 122 120 121 121 121 120 121 120 122 121 121 121 121 121 121 121 122 121 121 121 121 120 121 121
122 121 121 121 121 120 120 120 123 121 120 121 121 121 121 120 123 121 120 121 121 121 121 120 122 121 120 121 121 121 121 120 123 121 121 121 120 120 121 120 122 121 121 121 121 120 120 120 122 121 120 121 121 120 120 120 122 121 121 121 121 120 121 121 122 122 120 121 121 121 121 121 122 121 120 121 121 121 121 120 122 121 120 121 121 120 121 120 122 121 120 121 121 121 121 120 122 121 120 121 121 120 121 120 122 121 121 121 121 120 121 121 122 121 121 121 121 121 120 120 122 121 120 121 120 121 121 121
122 121 120 121 121 121 121 120 122 121 121 121 121 120 121 120 122 121 120 121 121 120 121 120 122 121 120 121 120 121 121 121 123 121 120 121 121 121 121 120 122 121 120 120 120 121 121 121 122 121 121 121 121 121 121 121 123 121 121 121 120 120 121 121 122 121 121 121 121 121 121 120 122 121 121 121 121 121 121 120 123 121 120 120 121 121 121 120 122 121 121 121 120 120 121 120 123 121 120 121 120 121 121 121 122 121 120 121 121 121 121 120 122 121 120 121 121 121 121 120 123 121 120 120 121 121 121 120
122 121 121 121 121 120 121 121 122 121 121 121 121 121 120 120 122 121 120 121 121 120 121 120 122 121 120 121 121 121 121 120 122 121 121 121 121 121 121 121 122 121 120 120 121 120 121 121 122 120 120 121 121 120 120 120 123 121 121 121 120 121 121 121 122 121 120 121 121 120 121 120 122 121 121 121 120 121 121 121 122 121 120 121 121 121 121 120 122 121 120 121 121 121 121 121 122 121 121 121 121 121 121 120 122 121 120 121 121 121 120 120 122 121 121 121 120 121 121 121 122 121 120 121 121 121 121 120
122 121 121 121 121 121 121 121 122 121 120 121 121 120 120 120 123 121 120 121 121 120 120 121 123 121 120 121 121 121 121 120 122 121 121 121 121 120 121 121 123 121 120 121 121 121 121 120 122 121 121 121 121 120 120 120 122 121 121 121 121 120 121 120 122 121 121 121 121 120 121 121 122 121 120 121 121 121 121 120 123 121 120 121 121 121 121 120 122 121 121 121 120 120 120 120 122 121 121 121 120 120 121 120 122 120 120 121 121 121 121 120 122 121 120 121 121 120 121 121 122 122 120 120 120 121 121 121
122 122 121 120 120 121 121 121 122 121 120 121 121 120 121 120 122 121 120 121 121 121 121 120 123 121 120 121 121 121 121 120 122 121 121 121 121 120 121 121 123 121 120 121 120 120 121 121 122 121 121 121 120 120 120 120 122 122 120 121 121 121 121 121 123 121 120 120 121 121 121 120 122 121 121 121 120 120 121 120 122 121 121 121 120 120 121 121 122 121 121 121 120 120 121 121 122 121 121 121 121 120 121 120 123 121 121 121 120 120 121 120 122 121 120 121 121 120 121 120 123 121 121 121 120 120 121 121
123 121 120 120 120 120 121 120 122 121 121 121 121 120 121 120 122 121 120 120 120 120 121 120 123 121 120 120 121 121 121 121 122 121 120 121 121 121 121 120 123 121 120 120 121 121 121 121 122 121 120 121 121 121 121 120 123 121 120 120 121 121 121 120 123 121 120 121 121 121 121 120 123 121 120 120 121 121 121 121 122 121 121 121 120 120 121 121 122 121 121 121 121 120 121 121 122 121 121 121 121 121 121 120 122 121 121 121 121 120 121 120 122 121 121 120 120 121 121 121 122 121 121 121 120 120 121 120
123 121 120 120 121 120 121 120 122 121 120 121 121 120 121 120 123 121 120 121 121 121 121 120 123 121 121 120 121 121 121 121 122 121 121 121 121 120 121 120 122 121 121 120 121 121 121 120 122 121 121 121 121 120 121 121 123 122 120 121 121 121 121 120 122 121 121 121 121 120 120 120 122 121 120 121 121 121 121 121 123 121 120 120 121 121 121 120 123 121 120 121 121 120 121 121 123 121 120 120 120 121 121 120 123 121 120 121 121 121 121 121 122 121 121 121 120 120 121 121 122 121 120 121 121 120 121 120
122 120 120 121 121 121 121 120 122 121 120 121 121 121 121 120 121 120 120 120 121 121 121 120 122 121 121 121 121 120 121 121 122 121 121 121 121 121 121 121 122 121 121 121 121 120 120 121 122 121 121 121 120 120 120 121 123 121 120 120 120 121 121 120 122 121 121 120 121 121 121 120 123 121 120 120 121 121 121 120 122 121 121 121 121 120 121 120 122 121 121 121 120 121 121 120 123 121 120 121 121 121 121 120 122 121 120 121 121 120 121 120 122 121 120 121 121 121 121 120 123 121 121 121 120 121 121 121
123 121 121 121 120 121 121 121 122 121 121 121 121 120 120 120 122 121 121 121 120 121 121 120 122 121 121 121 121 120 121 121 123 121 120 121 121 121 121 120 122 121 121 121 120 121 121 121 123 121 120 120 120 121 121 121 122 121 120 121 121 120 120 120 122 121 121 120 120 120 121 121 123 121 120 121 121 120 121 120 122 121 121 121 121 120 121 120 122 121 121 121 120 120 120 120 122 121 121 121 121 121 121 120 122 121 121 121 120 121 121 120 123 121 121 121 120 120 121 121 122 121 121 121 121 120 121 121
