122 121 121 121 121 121 121 120 122 121 120 121 120 120 121 120 122 121 121 121 120 120 121 120 122 121 121 121 121 120 121 120 122 120 120 121 121 121 121 120 122 121 120 121 120 120 121 121 122 121 121 121 121 120 120 120 122 121 121 121 121 120 121 121 123 122 120 121 121 121 121 120 122 121 120 121 121 121 121 120 122 121 121 121 121 121 120 120 123 121 120 120 120 121 121 120 122 121 121 121 121 120 121 121 122 121 121 120 121 120 121 120 122 121 120 121 120 121 121 120 123 120 120 121 120 121 121 120
122 120 121 121 121 120 120 120 122 120 120 120 120 121 121 120 122 122 121 121 120 121 121 121 123 122 121 121 121 121 121 120 122 122 121 121 120 120 121 121 122 122 121 121 121 121 121 121 122 122 121 121 121 120 120 120 122 121 120 121 121 121 121 120 122 120 120 121 121 120 121 120 123 121 121 120 121 121 121 120 123 121 120 121 121 121 121 121 123 120 120 121 121 121 120 120 122 120 120 121 121 120 120 120 122 121 121 121 120 121 121 121 122 121 121 121 121 120 120 121 123 122 120 120 120 121 122 121
122 122 120 120 121 121 121 120 122 121 121 120 120 120 121 120 122 121 121 121 120 120 121 121 122 121 120 120 120 121 121 120 122 121 121 122 121 120 121 121 122 121 120 121 121 120 120 121 123 121 120 121 121 121 121 121 122 121 120 121 121 120 120 120 122 121 120 121 120 120 120 120 122 121 121 121 121 120 121 120 123 122 121 120 121 121 121 120 122 120 120 121 120 121 120 119 123 121 120 120 121 121 121 120 122 122 120 121 120 120 121 121 122 121 120 122 120 120 121 121 122 121 121 121 121 120 120 120
122 120 121 121 121 120 120 121 122 121 121 122 121 120 121 120 122 121 121 121 121 120 121 120 123 120 121 121 121 121 121 120 122 121 121 121 121 120 121 121 122 121 121 121 121 120 121 120 121 120 120 121 121 121 121 120 123 122 121 121 121 120 121 121 122 121 120 121 121 120 120 121 123 121 121 121 120 121 121 121 122 121 120 121 121 121 121 121 123 121 121 120 120 120 121 121 122 122 121 121 120 120 121 121 123 122 120 120 120 121 121 120 122 122 121 120 121 121 121 120 122 120 120 121 121 121 121 120
122 120 120 121 121 121 121 120 123 121 120 120 120 120 121 121 122 121 120 121 121 120 120 120 122 122 121 120 121 121 121 120 122 120 120 121 121 120 120 120 123 120 120 121 121 121 121 120 123 122 121 120 120 121 121 121 122 121 121 121 121 121 121 120 122 121 121 121 120 120 121 120 122 121 120 121 120 120 121 121 123 121 120 120 121 120 121 120 123 121 120 120 120 120 121 120 122 121 120 120 121 120 121 120 123 121 121 121 120 120 121 121 122 121 121 121 121 120 121 121 123 122 121 120 120 121 121 121
123 121 120 120 120 121 121 121 122 122 120 121 120 121 121 120 122 121 121 121 121 121 121 121 122 121 121 121 121 120 121 121 122 121 121 121 120 120 121 121 123 121 120 119 121 121 122 120 122 120 120 121 121 120 121 120 122 122 120 120 121 120 121 120 123 121 120 121 121 120 121 120 123 121 120 120 121 121 122 120 123 121 120 121 121 121 120 120 122 120 120 121 121 121 120 120 122 121 121 121 121 120 121 121 123 121 120 121 120 121 121 120 122 121 120 121 121 120 120 121 122 121 121 121 120 120 120 120
122 121 121 121 120 120 121 121 122 121 120 120 120 121 121 120 122 121 120 121 120 119 121 120 122 121 121 121 120 120 121 121 122 121 120 121 121 121 121 120 123 121 121 120 121 120 121 120 122 121 121 121 120 121 121 120 122 120 120 121 121 120 121 121 123 121 121 121 121 120 121 121 122 121 121 121 121 120 120 120 123 121 120 121 121 121 120 120 122 121 121 120 120 120 121 121 122 122 121 120 120 120 121 120 122 121 121 121 121 120 121 121 123 121 120 121 121 121 121 120 122 121 120 121 121 121 121 121
123 121 120 121 121 121 121 120 122 120 120 121 121 120 120 121 122 121 120 120 120 120 121 120 122 121 120 121 120 120 120 120 122 121 121 121 120 120 121 121 122 121 121 120 121 120 121 120 122 120 121 121 121 120 121 120 122 122 121 121 120 120 121 120 123 122 120 121 121 121 121 120 122 121 120 121 121 121 121 120 123 121 120 121 121 121 121 120 123 121 120 120 120 121 121 121 122 122 121 121 121 121 121 120 123 121 120 121 121 120 120 120 123 121 121 121 120 120 121 120 122 121 120 120 120 120 121 120
122 121 121 120 120 120 121 121 122 121 120 120 121 120 121 121 122 121 121 121 120 120 121 121 122 121 121 121 121 120 121 121 123 121 120 120 120 121 121 121 123 121 120 121 121 121 121 120 123 121 120 121 121 121 121 120 122 121 120 121 121 120 121 120 123 122 121 121 121 121 121 120 122 122 120 121 121 120 121 120 123 121 121 121 120 120 121 120 122 121 121 121 120 120 121 121 123 121 120 120 120 120 121 120 122 121 121 121 120 120 121 120 122 122 121 121 120 120 121 121 122 121 120 120 120 121 121 121
122 121 121 120 120 121 121 121 122 121 121 121 121 120 120 120 123 120 120 121 121 120 121 121 122 121 121 121 121 120 121 121 122 121 121 121 121 120 121 120 123 122 121 121 120 120 121 121 122 121 121 121 121 120 120 120 122 122 121 120 120 120 120 120 121 122 121 121 121 120 121 120 122 120 120 121 121 121 120 120 122 121 121 121 121 120 121 121 122 121 120 121 121 120 120 120 123 121 120 120 121 121 121 120 122 120 120 121 121 121 120 121 122 121 121 121 121 120 121 121 122 121 121 122 121 120 120 120
123 122 120 120 120 121 121 120 122 121 121 120 120 120 121 120 122 120 120 121 121 120 121 121 122 121 120 121 120 121 121 120 122 121 121 121 120 120 121 120 122 121 121 121 120 120 120 121 122 121 120 121 121 121 121 120 123 121 120 121 121 121 121 120 122 121 121 122 121 120 121 121 122 121 120 121 121 121 121 121 122 122 120 120 121 121 121 120 123 121 120 121 121 121 120 120 122 121 120 121 120 120 120 120 122 121 121 120 120 120 121 121 123 121 120 121 120 121 121 120 123 120 120 121 120 120 121 120
122 121 120 121 121 121 121 120 123 121 121 120 120 121 121 121 123 121 120 121 121 121 121 120 122 121 121 121 120 120 121 121 123 122 121 120 120 121 121 121 122 122 121 120 120 120 121 121 122 121 121 121 121 120 120 120 122 120 120 120 121 121 120 119 123 122 120 121 121 121 121 120 122 121 120 121 121 120 121 120 122 121 121 122 120 120 120 120 122 121 121 121 120 121 121 121 123 121 121 121 121 121 121 120 122 121 120 121 121 120 121 120 123 121 120 121 121 121 122 120 122 120 120 121 121 121 121 120
122 121 121 120 121 121 121 121 123 121 120 121 120 120 120 121 122 121 121 121 121 121 121 121 122 121 120 121 121 120 121 121 122 121 120 121 121 120 120 120 123 121 121 121 121 121 121 120 122 120 120 121 121 120 120 120 122 121 120 121 121 121 121 120 122 121 121 121 120 121 121 120 123 121 120 120 120 121 121 121 122 121 120 121 121 121 121 120 123 121 121 121 120 120 121 121 122 120 120 120 120 120 121 120 122 121 120 121 121 120 120 120 122 122 120 121 121 121 121 121 122 121 121 121 121 120 121 120
122 121 120 121 121 121 121 120 123 122 121 121 121 121 121 120 122 122 121 120 121 121 121 121 122 121 120 121 121 121 120 120 122 120 120 121 121 120 121 120 123 120 120 121 121 121 121 120 122 121 120 121 121 120 121 119 122 120 120 121 120 120 121 121 122 121 120 121 121 120 120 120 122 121 121 120 121 120 121 121 122 121 120 120 121 120 121 121 122 121 120 121 121 120 121 120 122 121 120 121 121 120 120 120 122 121 121 121 120 120 121 121 123 121 120 120 121 120 120 120 122 121 121 121 121 120 121 121
123 120 120 121 121 121 121 120 123 121 120 120 121 121 121 120 122 121 121 121 120 120 121 120 122 120 120 121 121 121 120 120 123 121 121 121 120 121 121 120 122 121 120 121 120 121 121 121 122 121 121 121 121 121 121 121 122 121 121 121 121 120 120 121 122 121 121 121 120 120 121 121 122 122 121 120 121 121 121 120 123 122 121 121 120 121 121 121 122 121 121 121 120 121 121 121 122 121 121 121 120 120 121 121 123 120 120 121 121 121 121 120 123 122 120 121 121 120 121 120 123 121 121 121 120 120 122 121
122 121 120 120 120 121 121 120 122 121 121 121 121 120 121 121 122 121 121 120 121 120 121 121 123 121 120 120 121 121 121 120 122 121 121 121 120 120 121 121 122 121 120 120 121 121 121 120 123 121 121 121 120 121 121 121 122 121 120 120 121 121 120 120 122 121 121 121 120 121 121 121 123 121 120 121 120 121 121 120 123 121 121 120 121 120 121 121 122 121 120 121 121 121 121 120 122 121 121 121 120 121 121 121 122 121 120 121 121 120 121 120 122 121 120 120 120 120 121 120 122 121 120 120 121 121 121 120
123 121 120 121 121 121 121 120 123 121 120 120 120 121 121 120 123 121 120 119 121 120 121 121 122 120 120 121 121 121 121 120 122 121 121 122 121 120 121 120 122 120 120 121 121 121 121 120 122 121 121 121 120 120 121 121 123 120 120 121 120 121 121 120 122 120 121 121 121 120 121 120 122 121 120 121 121 121 121 120 122 121 121 121 121 120 120 120 123 122 120 120 121 121 121 120 122 121 121 121 120 121 121 121 122 121 120 121 120 120 121 120 122 121 121 122 121 120 120 121 122 121 121 120 121 121 121 120
123 121 120 120 121 121 121 120 122 121 120 121 121 120 121 120 122 121 121 121 120 121 121 121 123 121 120 120 121 121 121 120 122 121 121 121 121 120 120 120 122 121 121 121 120 120 121 121 122 121 121 121 121 120 121 120 122 121 121 120 120 121 121 120 122 121 121 122 121 120 121 121 122 121 121 122 120 120 121 121 122 121 121 121 121 120 120 120 122 121 121 121 121 120 121 121 122 120 121 121 121 120 121 120 122 121 121 121 120 120 121 120 122 121 120 121 121 121 121 120 123 121 120 120 121 121 121 120
123 120 120 121 121 121 121 121 123 122 120 120 121 121 121 120 123 122 121 120 120 120 120 120 122 120 121 121 121 120 120 120 122 121 120 120 121 121 121 120 122 121 120 121 120 120 121 121 122 121 121 120 120 121 121 120 122 121 121 121 120 120 121 121 122 122 120 121 120 121 121 121 122 122 121 121 121 121 121 121 123 120 120 120 120 120 121 120 122 122 121 121 120 121 121 120 123 122 120 120 120 121 121 121 122 121 121 121 121 120 121 121 122 121 121 121 120 120 121 121 122 120 121 121 121 121 120 120
122 120 120 122 121 120 121 121 122 121 121 121 121 120 121 121 123 121 121 121 121 121 121 121 123 121 120 121 121 120 120 120 123 121 120 120 121 121 121 121 123 121 120 121 121 120 121 120 122 120 121 121 120 120 121 120 122 121 121 121 121 120 120 120 122 120 121 121 121 120 121 120 123 121 121 120 121 121 121 120 122 121 120 121 120 120 121 121 123 122 120 121 120 121 121 120 122 122 120 121 120 121 121 120 122 121 121 122 121 120 120 120 122 122 121 121 121 120 121 120 122 121 121 121 120 120 121 120
122 120 121 121 121 120 121 121 122 122 120 120 120 121 121 121 122 121 120 120 120 120 121 120 122 120 120 121 121 121 121 120 123 121 120 121 121 120 120 120 122 121 121 121 121 120 120 121 123 121 120 120 121 121 121 121 123 121 120 121 121 121 121 120 122 121 120 121 121 120 121 121 122 121 121 121 121 121 121 121 122 121 120 121 121 120 120 120 123 121 120 121 121 121 121 120 122 121 121 121 120 121 121 121 122 120 120 121 121 120 121 120 123 121 120 121 121 121 121 120 122 122 121 121 121 120 121 120
122 121 121 121 121 121 120 120 123 121 120 121 121 121 120 120 122 121 121 121 121 120 120 120 123 121 121 120 120 120 121 121 122 121 121 121 121 121 121 121 122 122 120 121 121 120 120 120 123 121 120 121 121 120 121 120 122 121 121 121 121 120 120 121 122 120 120 121 121 120 121 119 123 121 120 121 121 121 121 120 122 121 120 121 121 120 120 121 123 121 120 121 121 121 121 120 122 121 121 121 120 120 121 121 123 121 120 120 121 121 121 120 122 121 121 120 120 120 121 120 122 121 120 121 121 121 121 120
123 121 120 121 120 121 121 120 122 122 120 120 120 120 121 121 122 120 121 121 121 120 120 120 122 121 121 121 122 120 120 120 123 121 121 121 121 121 121 120 123 121 120 121 121 121 121 120 123 120 120 121 121 121 121 120 122 121 121 121 120 120 121 121 122 121 120 121 121 121 121 120 122 121 121 122 121 121 120 121 122 122 121 121 121 121 120 120 122 121 121 121 121 121 121 121 122 121 121 121 120 120 120 120 122 120 120 120 121 121 121 120 122 120 120 120 120 120 121 121 122 122 120 121 120 120 121 120
122 121 121 121 121 120 120 120 122 122 120 120 120 120 121 120 122 121 121 121 121 121 121 120 122 122 120 121 121 121 121 120 123 121 120 121 121 121 121 120 122 121 121 121 120 121 121 121 122 120 120 121 120 120 121 121 122 121 120 121 120 120 121 120 122 121 120 121 120 120 120 120 122 122 120 120 120 121 121 120 122 121 120 120 120 120 121 121 122 121 121 121 121 120 121 120 123 121 121 121 120 121 121 121 122 121 121 121 121 120 120 121 122 121 121 121 122 120 121 121 122 120 120 121 120 120 121 121
122 121 121 120 120 120 121 120 122 122 120 121 121 120 121 120 122 121 121 121 121 120 121 120 123 122 120 120 120 121 121 121 122 120 120 121 121 120 120 120 122 121 120 120 121 121 121 120 123 121 120 121 121 121 121 120 122 121 121 120 120 120 121 121 122 121 121 121 120 120 121 120 122 120 120 121 121 121 121 120 123 121 120 121 121 120 121 120 122 122 120 121 121 121 120 120 123 120 120 120 121 120 121 120 123 122 120 121 120 121 121 120 122 121 121 120 121 120 121 120 123 122 120 120 121 121 121 120
123 121 120 121 120 121 121 121 122 120 120 121 121 120 121 120 122 121 120 122 121 120 121 121 122 120 121 122 121 120 120 121 122 121 120 121 121 121 121 120 122 121 121 121 121 120 120 121 122 121 120 121 120 120 120 120 122 121 121 121 121 120 121 120 122 121 120 121 121 121 121 121 123 121 120 121 121 121 120 120 122 121 121 121 120 121 121 120 122 121 121 122 121 120 120 121 122 120 121 121 121 120 121 121 123 121 120 121 121 121 121 121 122 121 120 120 120 119 121 121 122 121 120 121 121 120 121 120
122 121 120 121 120 120 120 120 123 121 120 120 120 120 121 120 123 122 120 121 121 121 121 120 122 122 121 120 120 121 121 120 123 120 120 121 121 121 121 120 122 121 120 121 121 121 121 120 122 121 121 121 120 120 121 121 123 121 120 120 121 121 121 120 122 121 121 121 120 120 121 120 122 120 121 121 121 121 121 120 122 120 121 121 120 120 121 120 122 120 121 122 121 120 121 120 122 120 120 121 121 121 120 120 122 121 120 120 121 121 121 120 122 120 120 120 121 120 120 120 122 121 121 120 120 121 121 121
122 121 121 121 121 120 121 120 123 122 120 120 120 121 121 120 122 121 121 121 120 120 121 121 122 121 120 121 121 120 120 120 122 121 121 121 121 121 120 120 122 121 120 122 121 121 121 120 122 121 120 121 121 120 121 120 122 120 120 121 121 121 121 121 122 121 120 121 120 120 121 121 122 121 120 121 120 120 121 120 123 121 120 120 121 121 121 120 123 121 121 121 121 121 121 120 123 121 120 120 120 121 121 120 122 120 120 121 121 120 120 120 123 121 120 120 121 121 121 120 122 121 121 122 121 120 120 120
122 121 121 121 120 120 121 121 123 120 120 120 121 121 121 120 122 122 121 121 121 121 121 121 122 121 120 120 121 120 121 120 123 121 120 121 121 121 121 121 122 121 121 120 120 120 121 120 122 122 121 120 120 121 121 121 123 121 120 121 121 121 121 120 122 122 120 120 120 120 121 120 123 122 121 121 120 121 121 121 122 121 121 121 120 120 121 120 122 121 121 121 120 120 121 121 123 122 121 121 121 121 121 120 122 122 121 121 120 120 122 121 122 121 121 120 120 120 120 120 122 120 121 120 121 121 121 120
123 121 120 120 121 121 121 120 122 121 120 120 120 121 122 120 122 121 121 121 121 120 120 120 122 121 121 121 121 120 120 120 122 121 121 121 121 120 121 121 122 120 121 121 121 120 120 120 122 121 121 121 121 120 121 120 123 121 121 121 120 121 121 121 122 121 121 121 120 120 121 121 122 121 120 121 120 121 121 120 122 122 121 121 120 120 121 120 122 121 120 120 121 121 121 121 123 121 120 121 121 121 121 120 122 120 120 121 121 120 121 120 123 121 120 120 120 120 121 120 122 120 120 121 120 120 121 120
123 121 121 120 120 120 121 121 122 121 121 121 121 120 120 120 122 122 121 121 120 121 121 121 122 120 120 121 120 121 121 120 122 121 120 121 121 120 121 120 122 120 120 121 120 121 121 120 122 121 120 121 121 121 121 120 122 121 120 121 121 120 121 120 122 121 121 121 120 120 121 121 122 121 120 121 121 120 121 120 123 122 120 121 121 121 121 120 122 121 121 121 121 120 121 120 122 122 121 120 121 121 121 121 122 121 120 122 121 121 120 120 122 122 121 120 121 120 121 120 122 121 120 122 121 121 121 120
122 120 121 121 121 120 121 121 123 121 120 120 121 121 121 120 123 121 120 120 121 121 121 120 122 122 121 121 120 120 121 120 123 121 121 121 121 121 121 120 123 121 120 120 121 121 121 121 122 120 120 121 121 121 121 120 122 122 121 121 120 121 121 120 122 122 121 120 120 121 121 121 122 121 121 121 121 120 121 120 122 121 121 121 120 120 121 121 122 121 121 121 121 120 121 120 122 121 121 121 120 120 120 120 122 121 121 121 120 120 120 121 122 121 121 121 121 120 120 121 122 121 121 121 120 121 121 120
122 122 121 121 121 120 121 121 123 121 120 120 121 121 121 120 122 121 121 120 120 121 121 120 122 121 121 121 121 120 120 120 122 121 121 121 121 120 120 120 122 121 120 121 121 120 121 121 122 120 120 121 120 121 121 120 122 121 120 121 121 120 120 120 122 121 121 121 121 121 121 120 122 121 121 121 121 121 121 120 122 121 121 122 121 120 121 120 123 121 121 121 120 120 121 121 122 121 121 120 120 120 121 121 123 121 121 120 120 120 121 120 122 120 121 121 121 120 120 120 122 120 121 122 121 120 121 120
122 121 121 121 121 120 121 121 122 121 120 121 121 121 121 120 123 121 121 120 120 121 121 120 122 121 121 122 121 120 120 120 122 120 120 120 121 121 120 120 122 122 121 120 120 121 121 120 122 121 120 121 121 120 121 120 122 122 120 120 120 120 121 121 123 121 120 121 121 120 121 121 122 121 120 122 120 120 120 120 122 120 120 121 121 121 121 120 122 121 121 121 120 120 121 121 122 121 121 122 121 120 121 120 122 120 120 121 121 121 120 120 123 121 120 121 121 121 121 120 122 121 121 121 121 120 121 121
122 122 121 120 120 120 121 121 123 121 120 121 120 121 121 120 122 121 121 121 120 120 120 120 123 121 120 122 121 120 121 120 122 121 120 120 121 120 120 119 122 120 120 121 121 121 121 120 123 121 120 121 121 121 121 120 122 121 121 121 120 120 121 121 123 120 120 120 121 121 121 120 122 121 121 121 120 120 121 121 122 121 121 121 121 121 121 121 122 120 121 121 121 121 120 121 122 121 120 121 121 120 121 120 122 121 121 120 121 120 121 120 123 122 120 120 120 121 121 120 122 120 120 121 121 121 120 120
123 121 121 121 121 121 121 120 123 121 121 120 121 121 121 121 122 121 120 121 121 121 121 120 122 121 120 120 121 120 121 120 122 122 120 121 121 121 121 120 122 121 120 120 120 119 121 120 123 121 120 120 120 120 121 120 122 121 120 121 120 120 120 120 123 121 120 120 120 120 121 121 122 121 120 120 121 120 121 121 122 121 120 121 121 120 121 120 122 121 121 121 121 120 121 120 122 122 121 121 120 120 121 121 122 122 121 121 121 120 121 121 123 121 120 120 121 121 121 120 122 121 121 121 121 120 121 121
122 121 121 121 121 120 121 121 122 121 120 121 121 120 121 120 122 121 120 121 121 121 120 120 123 121 121 120 120 120 121 121 122 120 120 121 120 120 121 120 122 120 121 121 121 121 120 120 122 121 121 121 121 120 121 120 122 122 120 121 120 120 121 121 122 122 121 121 120 120 121 121 122 120 120 121 121 121 121 120 122 121 121 121 121 120 120 121 123 121 120 120 121 121 120 120 123 121 120 121 121 121 120 120 123 121 120 121 121 121 121 120 123 122 120 120 120 120 121 121 122 122 120 120 120 121 121 120
122 120 120 122 121 121 121 120 123 122 120 120 120 121 121 121 122 121 121 121 120 121 121 121 122 121 121 121 121 119 121 120 122 121 121 121 120 120 121 121 123 121 120 120 121 121 121 121 122 121 120 122 121 121 121 120 123 120 120 120 121 121 121 120 122 121 121 121 120 120 121 121 122 121 120 120 120 120 121 120 122 120 121 121 121 120 120 120 122 120 121 121 121 120 121 120 122 121 121 120 120 120 121 120 122 121 120 121 120 120 121 120 122 121 121 121 120 121 121 121 122 121 121 120 120 121 120 121
123 120 121 120 121 121 122 121 123 122 120 121 121 121 121 121 122 121 121 121 121 121 120 121 122 122 121 120 120 120 121 121 122 121 121 121 121 120 121 121 122 122 121 120 120 120 120 120 123 121 120 120 120 121 121 120 122 121 120 121 121 121 121 120 122 121 120 121 120 120 120 120 122 121 120 120 121 120 121 120 122 121 120 121 121 121 121 120 123 121 120 120 121 120 121 120 122 121 121 121 120 120 121 121 122 121 121 121 121 121 121 121 122 121 120 120 120 120 121 120 122 121 121 121 121 120 121 121
122 120 120 121 121 121 121 120 122 121 121 121 121 120 121 121 123 121 120 121 121 121 121 120 122 121 121 121 120 120 121 120 122 121 121 122 120 120 121 121 123 121 120 121 121 121 121 121 122 121 120 121 121 120 121 120 122 121 121 120 121 120 121 121 122 121 121 120 120 120 121 120 122 121 120 121 121 121 121 120 122 122 121 120 121 121 121 121 122 122 120 120 121 121 121 120 122 121 121 121 121 120 121 121 122 121 120 121 121 120 120 120 122 121 121 121 121 120 120 121 122 121 121 121 120 120 121 121
122 121 121 121 121 120 121 121 122 121 120 121 121 121 121 120 122 121 121 121 120 120 121 121 122 121 120 120 121 120 121 120 122 121 120 121 120 120 121 120 123 121 120 120 121 121 121 121 122 121 120 121 121 121 121 120 122 121 121 121 120 120 121 121 123 121 121 120 120 120 121 120 122 121 120 121 121 121 122 120 123 120 120 121 121 121 121 120 123 121 120 121 121 121 121 121 122 121 120 122 121 120 121 121 123 121 121 120 120 121 121 120 123 121 120 120 120 121 121 120 122 121 120 120 120 120 120 119
122 121 121 121 121 120 120 121 122 121 121 121 122 120 120 121 122 122 121 121 120 121 121 120 123 121 120 121 121 120 121 120 122 122 120 120 121 121 121 120 122 121 121 121 121 120 120 121 123 121 121 121 121 121 121 120 122 121 120 120 120 121 121 121 122 121 120 120 121 121 120 120 122 121 120 120 121 120 121 120 122 121 120 121 121 121 121 120 122 121 121 122 121 120 120 120 122 121 120 121 121 121 121 120 123 121 120 121 120 120 121 120 122 121 121 121 121 120 121 121 122 121 121 121 121 120 121 121
122 121 121 121 121 120 121 121 123 121 120 121 121 121 121 120 122 121 120 121 121 120 121 120 122 121 121 121 121 120 121 121 122 121 120 121 121 121 120 120 122 120 120 121 121 120 120 120 123 121 120 120 120 120 121 121 122 121 121 121 120 120 121 121 122 121 121 121 120 120 121 121 122 121 121 120 120 120 121 120 122 121 120 121 122 121 121 120 123 121 120 120 121 121 121 120 122 120 120 120 120 120 121 121 123 121 120 121 121 121 121 120 122 121 120 121 121 121 120 120 122 121 120 121 121 120 121 121
122 121 120 121 121 120 121 120 122 121 121 121 120 119 121 121 122 121 121 121 120 120 121 121 122 122 121 120 121 121 121 120 122 121 121 121 121 120 121 120 122 121 121 121 120 121 121 120 122 122 121 121 121 120 120 120 123 120 120 121 121 121 121 120 122 121 121 121 120 120 121 121 121 120 121 121 121 121 120 119 122 121 120 121 121 120 120 120 122 122 121 121 121 121 121 120 123 121 120 120 121 121 121 120 123 121 120 121 121 121 121 120 123 120 121 121 121 121 121 121 122 121 121 121 120 120 121 121
122 121 120 121 121 120 121 120 123 122 120 121 121 121 121 120 123 121 120 121 120 121 121 121 123 121 120 120 121 120 121 120 122 121 120 121 120 121 121 120 122 120 121 122 120 120 121 121 123 121 120 120 121 121 122 120 123 121 120 121 121 121 120 120 123 121 120 121 121 120 121 120 123 121 120 121 121 120 121 120 123 121 120 120 120 121 121 120 122 120 120 121 121 121 121 120 122 121 120 120 121 121 121 120 122 121 121 121 121 120 120 120 122 121 120 121 121 121 121 120 122 120 119 121 120 120 121 120
123 121 121 121 120 120 121 120 123 121 120 120 120 121 121 120 122 122 121 120 120 120 121 120 122 121 121 121 120 120 121 121 123 121 120 121 121 121 121 120 122 121 120 120 121 121 121 120 122 122 121 121 121 120 121 121 122 121 120 121 121 121 121 120 122 121 121 121 121 121 121 120 122 120 120 121 121 121 121 120 123 121 120 121 120 121 121 121 123 122 121 121 121 121 121 121 122 122 121 121 120 120 121 120 122 121 121 121 120 120 121 120 122 121 121 121 121 120 121 120 122 121 121 120 121 121 121 120
123 122 120 120 121 121 121 121 122 120 121 121 121 120 121 120 122 121 120 122 121 120 120 120 123 121 120 120 121 121 121 120 122 121 120 120 120 120 121 120 122 120 120 121 121 120 121 121 123 122 121 121 120 121 121 121 122 120 120 121 121 120 121 120 122 121 121 121 121 120 120 120 122 121 121 121 121 121 121 120 122 120 120 121 121 120 120 120 122 121 120 121 121 121 121 120 122 122 121 121 121 120 121 121 122 120 120 121 121 121 120 120 123 121 120 120 121 121 121 120 122 122 120 120 120 120 121 120
122 121 121 121 120 120 121 121 122 121 120 121 121 121 120 120 123 121 121 120 120 120 121 121 122 121 121 121 120 121 121 121 122 121 120 120 120 121 121 121 123 121 120 120 121 121 121 120 122 121 121 121 121 120 121 121 122 122 120 120 120 120 121 121 122 121 120 120 121 121 121 120 121 121 120 121 120 121 121 120 122 122 120 120 120 121 121 120 122 121 121 121 121 120 121 121 122 121 121 121 120 120 121 120 123 121 120 121 120 120 121 121 122 120 121 121 121 120 120 120 122 120 121 120 120 120 120 121
123 121 120 121 121 120 121 120 122 122 121 121 121 121 121 120 123 122 121 120 120 120 121 121 122 121 120 121 121 121 121 120 122 121 119 121 120 120 121 120 122 121 120 121 121 121 121 120 122 120 120 121 120 120 121 120 123 121 120 120 121 121 121 120 123 121 120 121 121 121 120 120 123 121 120 120 121 120 121 120 123 121 120 121 121 121 120 120 122 121 121 121 121 120 120 120 122 121 121 121 121 120 121 120 122 121 121 121 121 120 121 121 122 121 121 121 120 120 121 121 123 121 120 120 120 120 121 120
123 121 121 120 121 121 121 121 123 121 120 121 121 121 121 120 122 122 120 120 120 121 121 120 122 121 121 121 121 121 121 121 123 121 120 121 121 121 121 121 123 121 121 121 121 121 121 120 123 121 120 120 121 120 121 120 123 122 121 120 120 120 121 121 122 121 121 121 120 120 121 120 122 122 121 121 120 120 121 121 122 121 121 121 121 120 120 120 122 121 121 121 120 121 121 121 123 121 121 120 121 120 121 120 123 122 121 121 121 120 121 121 122 121 121 121 121 120 121 121 122 121 120 120 121 121 121 120
122 120 120 121 121 120 121 120 122 121 120 121 121 120 121 121 122 122 121 121 121 120 121 120 123 121 120 121 121 121 121 121 122 120 120 121 120 120 121 121 122 121 121 121 120 120 121 120 123 122 121 121 120 120 121 121 122 122 121 121 121 120 121 120 122 121 121 121 120 120 121 120 122 121 121 121 121 120 121 120 122 120 121 121 121 121 120 121 122 121 121 121 121 121 121 120 123 120 120 121 121 120 121 121 122 122 121 121 120 120 121 120 122 122 120 121 120 120 121 120 122 121 120 121 121 121 121 120
122 121 121 120 120 120 121 120 121 120 120 121 121 121 120 119 123 121 121 121 121 121 121 120 122 121 121 121 121 120 121 121 122 121 121 121 121 120 121 121 122 121 121 121 120 121 121 121 122 121 121 121 120 120 121 121 123 121 120 121 121 121 121 120 123 121 121 120 121 120 121 120 122 122 121 121 121 120 121 121 122 121 121 121 122 120 120 120 122 121 120 121 120 120 121 120 122 121 121 121 121 121 121 120 122 121 121 121 120 120 121 121 122 122 121 121 120 120 121 120 123 121 120 121 121 121 121 120
122 121 121 120 121 121 121 121 122 120 120 121 121 121 120 121 122 121 121 121 121 120 120 121 122 121 121 121 121 120 121 120 122 121 121 121 120 120 121 121 122 121 120 121 121 120 120 121 122 120 120 120 121 120 120 120 122 121 120 120 120 121 121 120 122 121 120 121 121 120 121 121 122 122 120 121 121 120 121 121 122 121 121 121 120 120 121 121 122 121 120 121 121 120 121 120 122 121 120 121 121 120 120 120 122 121 121 121 120 120 121 121 123 121 121 120 121 121 121 121 123 121 120 121 120 121 121 120
122 120 120 119 121 120 121 121 121 121 120 121 121 120 120 120 123 121 121 121 120 121 121 121 122 121 121 121 120 121 121 121 122 120 121 121 120 120 121 121 122 121 121 121 121 121 121 121 122 122 121 121 120 121 121 121 123 121 120 121 121 121 121 120 123 121 121 121 121 121 121 120 123 121 120 119 121 121 121 120 122 122 120 120 120 121 121 120 122 121 121 122 120 120 121 120 122 121 121 121 120 121 121 121 123 120 120 121 121 121 121 120 123 121 120 121 121 121 120 120 122 121 121 120 120 121 121 121
123 122 120 120 120 120 121 121 122 121 120 120 120 121 121 121 122 120 120 120 121 120 121 121 122 122 120 121 120 120 121 121 122 121 120 121 120 121 121 121 122 122 120 121 120 120 121 120 122 121 121 120 120 121 121 121 122 121 120 120 120 120 121 121 122 121 120 121 121 121 121 121 123 121 120 120 121 121 121 120 123 122 121 121 121 121 121 120 123 121 121 121 120 121 121 120 122 121 120 122 121 120 120 120 123 121 120 120 121 121 121 120 123 121 120 121 121 121 121 120 122 122 120 121 121 120 121 120
122 120 120 120 120 120 121 121 122 121 121 121 120 120 121 121 122 121 120 122 120 120 121 120 122 121 121 120 120 120 121 121 123 121 120 120 121 121 121 120 123 122 120 120 120 121 122 120 123 121 121 120 120 121 121 121 123 121 120 121 121 121 121 120 122 120 120 121 120 120 121 120 122 121 120 121 121 121 121 120 122 120 120 121 121 120 120 120 123 121 121 121 120 121 121 121 122 121 121 120 120 121 121 120 122 121 120 121 121 121 121 120 122 121 121 120 120 121 121 121 122 120 121 121 121 120 120 120
123 121 120 120 121 121 121 120 123 121 120 121 121 122 121 120 123 121 121 121 121 120 121 121 122 121 120 121 121 120 121 120 123 122 120 121 121 120 121 120 122 121 120 121 121 120 120 120 122 121 121 121 121 120 121 121 123 122 120 120 121 121 121 120 122 120 121 122 120 120 121 121 123 121 120 122 121 120 121 120 122 121 120 121 120 121 121 120 122 121 121 121 121 120 121 121 123 121 120 120 120 120 121 120 123 121 120 121 121 120 121 120 122 121 121 120 120 121 121 121 122 122 120 120 120 120 120 120
122 121 121 122 120 120 121 120 122 121 121 121 121 120 121 120 122 120 120 120 121 121 121 120 123 121 120 120 121 121 121 120 122 121 120 120 120 121 121 121 122 121 121 121 120 120 121 121 123 121 120 121 121 121 121 120 122 122 121 121 121 120 121 121 122 122 121 121 121 120 121 121 122 122 121 121 120 121 121 121 122 121 120 121 121 120 120 120 122 121 121 121 120 121 121 120 123 121 120 121 120 121 121 120 122 121 121 121 121 120 121 121 123 122 120 120 120 121 121 120 122 121 120 121 121 120 120 120
122 121 120 121 121 120 120 119 122 121 120 122 122 121 121 120 122 120 120 121 121 121 121 120 123 120 121 120 121 121 121 120 122 121 120 120 121 121 121 121 121 121 120 121 120 120 120 120 122 121 120 121 120 120 121 120 122 121 121 120 120 121 121 121 122 122 121 121 120 120 121 120 122 121 120 120 120 121 121 120 122 121 121 122 121 120 121 121 123 121 120 121 121 121 121 120 122 120 120 121 121 120 120 120 122 121 121 121 121 120 121 120 121 121 121 121 121 120 121 121 122 121 120 121 121 121 121 120
122 121 121 120 121 121 121 121 122 122 120 119 121 121 121 120 122 121 120 120 121 121 121 120 122 121 121 121 120 120 121 121 122 121 120 121 120 121 121 121 122 121 121 121 121 120 121 120 123 121 120 121 120 121 121 121 122 121 120 121 121 120 120 120 122 121 121 121 121 121 121 120 122 121 120 121 121 120 120 121 122 121 120 121 120 121 121 120 123 121 120 120 121 120 121 121 122 121 121 122 121 120 121 121 122 121 120 121 121 121 121 120 122 120 120 121 121 120 121 120 122 120 121 121 121 121 120 120
122 122 121 120 121 121 121 121 123 121 121 121 120 121 121 121 123 122 121 121 121 121 121 120 122 122 120 121 121 120 121 120 122 121 121 121 121 120 120 120 122 121 121 120 120 120 121 120 122 121 121 121 120 120 120 120 122 120 120 122 121 120 120 121 123 121 121 121 121 120 121 121 123 122 121 121 120 121 121 120 122 121 120 121 121 120 121 120 122 121 121 121 121 120 121 120 122 121 120 121 121 120 121 120 122 120 120 121 120 121 120 120 123 121 120 121 121 121 121 120 122 121 121 121 121 120 121 121
122 121 120 120 120 121 121 121 122 121 121 120 120 120 121 120 122 120 120 121 121 121 121 120 122 121 121 122 121 120 120 121 122 121 121 122 121 120 121 120 123 121 120 120 121 121 121 120 122 120 120 121 121 120 121 121 122 121 120 121 120 120 121 120 123 120 120 120 121 121 121 120 122 120 121 120 120 120 120 120 123 121 120 121 121 121 121 120 122 121 120 120 120 121 121 120 122 121 121 121 121 120 121 120 123 122 121 120 121 121 121 121 122 121 121 121 120 120 121 120 122 121 120 121 120 121 120 120
122 121 120 121 121 121 121 120 122 120 120 121 121 120 121 120 123 121 120 121 121 121 121 120 123 121 121 121 120 120 120 120 122 121 120 121 120 120 121 121 123 121 121 120 120 120 121 121 123 121 121 120 120 120 121 120 122 121 121 121 120 120 121 121 122 121 121 121 121 120 121 121 121 121 121 121 121 120 121 120 123 121 120 120 120 121 121 121 122 122 121 121 120 120 121 121 122 121 121 121 121 120 121 120 123 122 121 121 121 120 121 120 122 122 121 122 121 121 121 121 122 122 121 121 120 120 121 121
121 121 120 121 121 120 120 120 122 121 121 120 120 120 121 121 122 121 120 121 121 120 121 120 122 121 121 121 121 120 121 120 123 122 121 121 121 121 121 121 123 120 120 120 120 121 121 121 122 121 120 120 120 121 120 120 123 121 120 120 120 121 121 120 123 121 120 120 120 121 121 121 122 120 120 121 121 120 121 121 122 121 121 121 120 120 120 120 122 122 121 121 120 120 121 120 122 121 121 121 121 120 120 121 122 122 121 121 120 121 121 121 123 121 120 121 121 121 121 121 122 121 121 121 121 120 121 120
122 122 120 120 121 121 121 120 123 122 120 121 121 121 121 121 122 122 121 121 121 121 121 120 122 121 120 121 121 120 121 120 122 121 120 121 120 121 121 120 122 121 121 120 120 120 121 121 122 121 121 121 120 120 120 120 123 121 120 121 120 120 121 120 122 121 121 121 120 121 121 121 123 121 121 121 120 121 121 121 122 121 121 120 121 120 121 121 122 121 121 121 121 120 121 121 122 120 120 121 121 120 120 120 123 120 120 121 120 121 122 120 122 121 120 121 121 120 120 120 122 121 120 120 121 121 121 120
122 121 120 121 121 120 120 120 123 121 120 121 121 120 121 120 122 122 121 120 120 120 121 121 122 121 121 121 121 120 121 120 122 121 121 121 120 120 121 120 123 121 120 121 120 121 121 120 123 121 121 121 120 121 121 121 122 121 121 121 120 121 121 121 122 120 121 121 121 120 121 121 122 122 121 121 121 121 121 120 122 121 120 121 121 120 120 121 122 121 120 121 121 120 120 120 122 121 120 120 121 120 120 120 122 121 120 121 121 120 120 120 123 121 121 120 121 120 121 121 122 121 121 121 121 120 121 120
122 121 120 121 121 121 121 120 122 120 120 122 121 121 121 119 122 122 121 121 121 120 121 121 123 121 120 121 121 121 121 120 122 121 121 121 120 121 121 121 122 121 121 121 120 120 121 120 123 121 120 121 121 121 120 120 122 120 120 121 121 120 121 120 123 122 120 120 121 121 121 120 122 121 121 121 121 120 120 120 122 121 121 121 121 120 120 120 123 122 120 121 121 120 121 121 123 121 121 120 121 121 121 120 122 121 120 120 121 121 121 120 122 121 121 121 120 121 121 121 123 121 120 121 121 121 121 120
122 120 120 119 121 121 121 120 122 120 120 121 120 120 121 121 122 121 120 121 121 121 121 120 122 121 120 121 121 121 121 120 123 121 120 120 121 121 121 120 123 121 120 121 121 121 121 120 122 121 121 122 121 120 121 121 122 121 121 121 121 120 121 121 123 121 120 120 121 121 121 120 123 121 120 121 121 121 121 120 122 120 120 121 121 120 120 120 122 121 120 120 121 120 120 120 122 121 120 120 121 120 121 120 122 121 121 121 120 121 121 121 122 121 120 120 121 121 121 120 122 121 121 121 120 121 121 121
122 120 121 122 121 120 121 120 122 121 121 122 120 120 120 120 123 121 120 120 121 121 121 120 123 121 121 121 120 120 121 121 123 121 121 121 121 121 121 120 122 121 121 120 120 120 121 120 122 121 120 121 121 121 121 120 122 121 120 121 121 120 120 120 123 121 120 120 121 121 121 120 122 121 121 120 121 120 120 121 122 120 121 121 120 120 121 121 122 121 121 121 121 120 121 121 122 120 121 121 121 120 121 121 122 121 120 121 121 121 121 120 123 121 120 120 120 121 121 120 122 121 121 121 121 120 121 121
123 121 120 120 121 121 121 120 122 121 121 121 121 120 121 121 122 121 120 121 121 121 121 121 122 121 121 121 120 120 121 121 123 121 120 121 120 121 121 121 122 121 120 121 121 120 121 120 123 122 120 121 121 121 121 120 123 121 120 121 121 120 121 121 122 121 120 121 121 121 121 120 122 121 120 120 121 121 121 121 122 121 121 121 120 120 120 120 123 121 120 120 121 121 121 120 122 121 121 121 120 120 120 120 122 121 121 121 121 120 121 121 123 121 121 120 121 121 121 121 122 121 120 121 121 121 121 120
122 121 120 120 121 121 121 120 122 121 121 121 119 120 121 120 123 121 120 120 121 121 121 120 122 121 121 121 120 120 121 121 122 122 121 121 121 120 121 120 122 121 120 121 121 121 121 120 122 121 121 121 121 120 120 120 123 122 122 121 121 120 121 120 123 121 121 121 120 120 121 120 121 119 120 121 121 120 120 120 121 121 119 121 121 121 121 120 123 122 121 121 121 121 121 120 123 121 120 120 121 121 121 121 123 121 121 121 121 120 121 121 122 121 121 121 121 121 120 120 122 120 120 120 119 121 121 120
123 122 121 121 121 121 121 120 123 122 121 121 121 120 120 120 122 120 122 122 123 120 120 120 122 121 120 120 120 121 122 120 122 121 118 121 120 120 121 120 123 123 121 121 120 121 121 121 123 123 122 122 122 120 120 121 122 122 122 122 121 121 121 121 121 121 119 121 120 120 121 121 121 119 120 121 120 120 121 120 122 120 120 121 121 121 120 120 123 123 122 121 121 121 121 121 122 124 122 121 121 121 121 120 122 124 122 121 121 121 121 120 122 110 115 119 121 120 120 120 122 125 122 122 121 121 121 121
122 124 121 121 121 121 121 121 123 120 121 121 121 120 120 120 121 121 120 119 121 121 121 121 122 123 121 121 121 121 121 120 123 121 121 121 121 121 121 120 123 120 121 121 121 121 121 120 123 120 119 121 121 120 121 121 123 121 121 121 121 121 122 121 122 123 122 121 121 121 121 121 122 123 121 121 121 120 120 120 123 126 121 121 121 121 121 120 122 123 119 122 120 121 120 120 123 120 120 121 121 121 120 120 122 120 121 121 121 121 121 121 121 121 119 122 121 121 121 121 122 120 119 121 121 120 120 120
122 122 125 121 121 120 121 120 123 121 120 121 120 120 121 120 123 123 122 121 120 121 121 121 122 126 122 121 121 120 120 120 124 125 120 121 122 121 121 121 123 125 121 121 120 120 121 121 122 128 123 121 121 121 121 120 121 124 122 122 121 120 120 121 124 121 120 121 121 120 120 121 120 123 119 119 120 120 120 119 118 121 119 121 121 120 121 120 123 123 120 121 121 121 122 121 125 131 122 122 121 121 121 121 123 126 122 121 121 120 121 121 123 126 121 121 120 121 122 122 123 116 123 121 121 121 121 121
122 147 124 121 121 120 121 120 123 126 124 122 121 121 121 120 122 106 115 120 120 120 121 120 125 119 121 120 120 120 121 121 123 111 118 121 120 121 121 121 120 118 121 122 121 120 120 120 120 117 121 121 120 120 121 120 122 117 119 121 120 120 120 120 123 128 123 122 121 120 120 120 126 130 122 122 121 121 120 121 124 130 120 121 121 121 121 120 120 118 123 122 121 120 122 122 120 135 121 120 121 120 120 121 121 129 121 121 120 119 121 120 120 121 119 121 120 120 121 120 124 149 123 121 121 121 121 121
124 130 120 121 121 121 121 120 122 137 120 120 119 121 121 121 119 130 119 120 119 121 120 119 122 163 123 121 120 120 121 120 124 147 124 122 123 121 121 120 125 164 125 122 122 121 121 121 124 195 124 121 120 121 120 120 123 203 124 120 120 121 122 121 122 165 123 121 120 121 121 121 123 102 122 121 121 121 121 121 122 86 119 120 120 120 121 120 122 170 123 121 120 120 121 121 122 131 121 121 121 120 120 120 121 99 119 122 121 120 121 121 123 69 120 121 120 120 120 120 123 69 120 120 120 121 121 121
123 65 121 120 121 121 121 120 122 82 119 121 121 120 121 120 122 83 120 121 121 121 120 120 122 90 120 121 120 120 121 120 123 89 120 121 120 121 121 120 123 94 120 121 120 120 121 121 122 105 120 121 121 121 121 120 122 119 121 121 121 121 121 120 123 119 121 120 120 121 121 121 122 111 120 120 121 121 121 120 122 111 120 120 121 120 121 121 123 110 120 120 121 121 121 120 122 112 120 123 122 120 121 121 123 113 120 121 121 121 121 121 123 115 120 121 114 121 121 120 123 117 121 120 121 121 121 120
123 119 120 119 132 121 121 120 123 120 121 122 122 121 121 120 122 120 121 122 118 120 120 120 122 121 121 122 119 121 121 120 122 122 120 121 122 121 121 121 122 121 120 120 121 120 121 120 122 123 121 118 122 121 121 120 122 122 121 121 124 121 121 121 123 121 120 121 114 120 121 121 123 123 121 120 118 121 121 121 122 122 121 121 121 121 121 120 122 122 121 122 122 120 121 120 122 119 122 126 128 121 120 120 122 120 120 122 128 121 121 121 123 122 120 112 116 122 122 121 122 117 119 113 97 119 121 121
122 117 120 124 126 120 121 120 122 118 121 125 129 120 120 120 123 123 123 126 121 121 121 120 123 126 123 126 124 121 121 120 122 123 121 118 121 122 121 121 122 122 121 122 121 121 121 121 122 113 114 115 115 120 120 120 123 121 121 120 122 120 121 121 122 115 119 110 118 121 121 120 122 97 122 123 121 121 121 120 122 91 119 122 123 122 121 120 123 100 121 125 122 121 121 120 122 109 120 121 120 120 120 120 123 119 121 126 121 120 121 120 123 128 121 121 119 121 121 121 123 133 121 121 125 121 121 120
123 134 121 120 120 121 121 121 122 132 120 120 120 121 121 120 123 133 121 121 121 121 121 120 122 130 121 121 120 121 121 120 122 128 120 120 120 120 120 120 123 129 121 120 121 121 121 120 122 127 122 120 120 121 121 121 121 125 120 120 120 120 121 120 123 126 123 122 121 120 121 121 121 125 120 121 121 120 120 121 120 125 120 121 121 120 121 120 123 126 122 122 121 121 120 120 123 124 121 120 121 121 121 120 122 122 119 121 121 121 121 120 123 125 125 122 121 120 120 120 121 122 124 121 120 121 121 120
121 116 114 120 121 120 121 120 123 115 121 121 121 121 121 120 123 116 121 121 121 120 120 119 122 116 119 121 120 121 122 122 122 115 122 122 120 121 121 120 123 108 120 121 121 120 122 121 124 118 123 121 121 121 121 121 124 122 119 119 121 120 121 121 120 122 120 121 121 120 120 119 121 124 120 121 121 121 121 120 122 125 121 121 121 120 120 120 123 124 121 122 121 120 121 120 123 125 121 121 120 121 121 121 122 127 122 121 120 120 121 120 122 127 121 121 121 120 120 120 122 124 121 121 120 120 120 120
122 122 121 121 120 121 121 120 123 124 121 120 121 121 121 121 122 126 121 122 121 120 121 120 122 127 121 121 121 121 121 120 123 124 120 120 120 120 120 121 122 123 122 122 121 120 121 121 122 119 122 121 121 121 121 120 122 123 121 121 120 120 121 121 122 128 121 121 120 120 121 121 122 124 119 120 120 120 121 120 123 126 122 120 120 120 120 120 123 125 122 121 120 120 121 121 122 124 120 121 121 120 121 120 122 123 119 121 121 120 121 120 122 118 120 121 122 121 120 120 122 117 121 121 121 120 120 120
122 121 120 121 120 120 121 120 123 125 121 121 120 121 121 121 122 122 121 121 122 121 121 120 122 121 121 121 122 121 122 120 122 121 120 120 119 119 120 120 123 122 121 120 117 120 121 121 123 122 121 121 121 121 120 120 122 121 120 122 126 120 120 120 122 122 121 120 123 120 121 120 122 122 121 123 119 121 121 120 122 121 120 122 120 121 121 121 122 122 120 119 123 122 121 120 123 121 121 120 120 121 121 120 122 128 121 121 120 120 121 121 122 123 121 122 121 121 121 121 123 120 120 122 121 121 120 120
123 119 121 120 121 121 121 120 122 118 121 120 120 121 121 121 122 119 120 120 120 121 121 120 122 118 121 121 121 121 120 120 123 119 121 122 121 121 121 120 123 119 121 120 120 120 121 120 123 119 121 121 120 121 121 121 123 120 120 120 120 121 121 120 123 120 120 120 121 121 121 121 122 119 121 121 121 120 121 120 122 121 121 121 120 120 121 121 122 121 120 121 121 121 121 120 122 120 121 121 121 121 121 120 122 120 119 121 120 120 121 120 123 121 120 121 121 121 121 120 122 120 120 121 120 120 121 121
122 120 120 121 121 121 121 120 122 118 120 121 121 121 120 120 122 119 121 121 120 121 121 120 123 117 120 120 120 121 121 121 122 116 120 121 121 121 121 120 123 116 120 120 121 121 121 120 123 116 121 121 121 121 121 120 122 117 120 121 121 120 120 120 122 119 121 122 121 120 120 120 122 121 121 121 120 120 121 121 123 121 120 121 120 121 121 120 122 116 121 121 120 121 121 121 122 116 120 120 120 121 121 121 122 117 120 121 121 121 121 120 123 119 121 121 119 121 121 121 122 121 120 121 120 120 120 121
122 121 121 121 120 120 121 120 122 120 121 120 120 120 121 121 122 118 121 121 121 120 121 121 122 119 121 120 120 120 120 120 122 116 120 121 121 121 120 120 122 111 120 121 121 121 120 120 122 111 120 120 120 120 120 120 123 114 120 121 121 121 121 120 122 115 120 121 121 120 121 121 122 119 121 121 121 121 120 120 122 124 121 120 120 121 121 121 123 122 120 121 121 121 121 120 122 124 121 121 120 120 121 120 122 123 121 121 120 121 121 121 122 123 121 121 120 120 121 120 122 123 120 120 120 120 121 120
122 126 122 121 121 120 121 121 122 128 121 120 119 121 121 121 123 127 122 121 119 121 121 121 122 127 121 121 121 120 121 121 122 126 121 120 124 121 121 120 122 125 122 121 120 120 121 121 122 122 120 122 121 120 120 120 123 124 121 121 121 121 121 120 122 124 121 121 120 120 121 121 122 125 121 120 120 120 120 120 122 125 121 121 121 121 121 120 123 126 122 121 120 121 121 121 122 125 120 121 121 120 120 120 122 125 121 121 120 120 121 120 122 124 121 121 120 120 121 121 122 124 121 121 121 120 121 120
122 123 121 121 121 120 120 120 122 124 121 120 121 120 121 121 123 123 120 121 120 121 121 121 123 121 120 121 121 121 121 121 122 120 120 120 121 121 121 120 122 120 120 121 121 121 120 120 122 121 121 121 121 120 120 120 122 121 121 121 120 120 121 121 123 120 120 120 121 121 121 120 122 121 121 121 120 120 121 121 122 121 121 121 121 121 121 120 123 122 120 121 121 121 121 121 123 121 120 121 121 120 121 120 122 121 121 121 121 120 121 120 123 120 119 121 120 120 121 120 122 121 121 121 120 120 120 120
