400 1264
800 1648
1200 1648
1600 1904
2000 2032
2400 2032
2400 2032
2400 2416
2800 2416
2800 2416
2800 2800
2800 2800
2800 2928
3200 3056
3200 3056
3200 3056
3200 3312
3600 3568
3600 3568
3600 3568
3600 3568
3600 3952
4000 3952
4000 3952
4000 3952
4000 3952
4000 3952
4000 3952
4000 3952
4000 4464
4400 4720
4800 4848
5200 4848
5200 5104
5200 5104
5200 5104
5200 5104
5200 5232
5600 5232
5600 5232
5600 5232
5600 5488
5600 5872
6000 6000
6000 6000
6000 6000
6000 6128
6400 6128
6400 6128
6400 6128
6400 6384
6400 6640
6800 6640
6800 6640
6800 6768
6800 6768
6800 6768
6800 6768
6800 6896
7200 7024
7200 7536
7600 7536
7600 7536
7600 7792
8000 7792
8000 7792
8000 7792
8000 8048
8400 8304
8400 8304
8400 8304
8400 8560
8800 8560
8800 8560
8800 8560
8800 8816
9200 9072
9200 9072
9200 9072
9200 9200
9200 9328
9600 9328
9600 9328
9600 9584
9600 9840
10000 9840
10000 9840
10000 9968
10000 10224
10400 10224
10400 10224
10400 10352
10400 10608
10800 10608
10800 10608
10800 10736
10800 10992
11200 10992
11200 10992
11200 10992
11200 11376
11600 11376
11600 11376
11600 11376
11600 11632
12000 11760
12000 11760
12000 11760
12000 11760
12000 12144
12400 12144
12400 12144
12400 12144
12400 12272
12400 12528
12800 12528
12800 12528
12800 12528
12800 12784
12800 12912
13200 12912
13200 12912
13200 13168
13200 13296
13600 13296
13600 13296
13600 13296
13600 13680
14000 13680
14000 13680
14000 13680
14000 13936
14000 14064
14400 14064
14400 14064
14400 14192
14400 14320
14400 14448
14800 14448
14800 14448
14800 14832
15200 14832
15200 14832
15200 14832
15200 15088
15200 15344
15600 15344
15600 15344
15600 15600
15600 15600
15600 15600
15600 15600
15600 15728
16000 16112
16400 16112
16400 16112
16400 16112
16400 16240
16400 16240
16400 16240
16400 16240
16400 16368
16400 16752
16800 16880
17200 16880
17200 17008
17200 17264
17600 17264
17600 17264
17600 17520
17600 17648
18000 17648
18000 17904
18000 17904
18000 17904
18000 17904
18000 17904
18000 18288
18400 18416
18800 18416
18800 18416
18800 18416
18800 18416
18800 18416
18800 18416
18800 18672
18800 18928
19200 19312
19600 19312
19600 19440
19600 19568
19600 19568
19600 19568
19600 19696
20000 19952
20000 19952
20000 19952
20000 20080
20400 20336
20400 20336
20400 20336
20400 20464
20800 20720
20800 20720
20800 20720
20800 20720
20800 21104
21200 21104
21200 21104
21200 21104
21200 21488
21600 21488
21600 21488
21600 21488
21600 21744
22000 21872
22000 21872
22000 21872
22000 22000
22000 22256
22400 22256
22400 22256
22400 22384
22400 22640
22800 22640
22800 22640
22800 22768
22800 23024
23200 23024
23200 23024
23200 23024
23200 23280
23600 23408
23600 23408
23600 23408
23600 23408
23600 23920
24000 23920
24000 23920
24000 24048
24400 24176
24400 24176
24400 24176
24400 24176
24400 24432
24800 24688
24800 24688
24800 24688
24800 24944
25200 24944
25200 24944
25200 24944
25200 24944
25200 25328
25600 25328
25600 25328
25600 25328
25600 25584
25600 25840
26000 25840
26000 25840
26000 25968
26000 26224
26400 26224
26400 26224
26400 26352
26400 26352
26400 26352
26400 26352
26400 26352
26400 26608
26800 26992
27200 26992
27200 26992
27200 27376
27600 27376
27600 27376
27600 27376
27600 27504
27600 27760
28000 27760
28000 27760
28000 28016
28400 28144
28400 28144
28400 28144
28400 28272
28400 28272
28400 28272
28400 28272
28400 28528
28800 28912
29200 28912
29200 28912
29200 29040
29200 29296
29600 29296
29600 29296
29600 29424
29600 29424
29600 29424
29600 29424
29600 29680
30000 29936
30000 30192
30400 30192
30400 30192
30400 30448
30800 30448
30800 30448
30800 30448
30800 30448
30800 30448
30800 30448
30800 30576
30800 30704
30800 31216
31200 31344
31600 31344
31600 31600
31600 31600
31600 31600
31600 31600
31600 31600
31600 31600
31600 31600
31600 31600
31600 31728
32000 32368
32400 32496
32800 32496
32800 32752
32800 32752
32800 32752
32800 32752
32800 32880
33200 32880
33200 32880
33200 32880
33200 33008
33200 33392
33600 33648
34000 33648
34000 33648
34000 34032
34400 34032
34400 34032
34400 34032
34400 34032
34400 34288
34400 34288
34400 34288
34400 34288
34400 34672
34800 34800
34800 34800
34800 34800
34800 35056
35200 35184
35200 35184
35200 35184
35200 35184
35200 35184
35200 35184
35200 35184
35200 35184
35200 35568
35600 36080
36000 36080
36400 36208
36400 36208
36400 36208
36400 36208
36400 36464
36800 36720
36800 36720
36800 36720
36800 36976
37200 37104
37200 37104
37200 37104
37200 37360
37600 37488
37600 37488
37600 37488
37600 37744
38000 37872
38000 37872
38000 37872
38000 38128
38400 38256
38400 38256
38400 38256
38400 38640
38800 38640
38800 38640
38800 38640
38800 38640
38800 39024
39200 39024
39200 39024
39200 39024
39200 39408
39600 39408
39600 39408
39600 39536
39600 39792
40000 39792
40000 39792
40000 39792
40000 40048
40400 40304
40400 40304
40400 40304
40400 40432
40800 40560
40800 40560
40800 40560
40800 40688
40800 40688
40800 40688
40800 40688
40800 40944
41200 41328
41600 41456
41600 41456
41600 41584
41600 41712
42000 41712
42000 41712
42000 41712
42000 41968
42000 42224
42400 42224
42400 42224
42400 42352
42400 42608
42800 42608
42800 42608
42800 42736
42800 42992
43200 42992
43200 42992
43200 43120
43200 43376
43600 43376
43600 43376
43600 43504
43600 43760
44000 43760
44000 43888
44000 43888
44000 44016
44400 44144
44400 44272
44400 44272
44400 44400
44400 44400
44400 44528
44800 44784
44800 44784
44800 44912
45200 44912
45200 45168
45200 45168
45200 45296
45600 45296
45600 45296
45600 45296
45600 45552
45600 45680
46000 45808
46000 45808
46000 46064
46400 46064
46400 46192
46400 46192
46400 46448
46800 46448
46800 46576
46800 46576
46800 46704
46800 46704
46800 46832
47200 46960
47200 47088
47200 47088
47200 47344
47600 47344
47600 47472
47600 47472
47600 47600
47600 47600
47600 47728
48000 47856
48000 47984
48000 47984
48000 48240
48400 48368
48400 48368
48400 48496
48800 48624
48800 48752
48800 48880
49200 48880
49200 48880
49200 49136
49200 49136
49200 49264
49600 49264
49600 49392
49600 49648
50000 49776
50000 49776
50000 50032
50400 50160
50400 50160
50400 50288
50400 50288
50400 50544
50800 50544
50800 50672
50800 50672
50800 50928
51200 51056
51200 51056
51200 51312
51600 51312
51600 51440
51600 51440
51600 51568
51600 51568
51600 51824
52000 51952
52000 51952
52000 51952
52000 51952
52000 51952
52000 51952
52000 51952
52000 52336
52400 52592
52800 52592
52800 52592
52800 52848
53200 52848
53200 53104
53200 53104
53200 53104
53200 53232
53600 53488
53600 53616
54000 53616
54000 53744
54000 53744
54000 53872
54000 54000
54000 54128
54400 54128
54400 54256
54400 54256
54400 54512
54800 54512
54800 54640
54800 54640
54800 54896
55200 54896
55200 55024
55200 55024
55200 55152
55200 55152
55200 55280
55600 55408
55600 55536
55600 55536
55600 55664
56000 55792
56000 55920
56000 55920
56000 56048
56400 56048
56400 56304
56400 56304
56400 56432
56800 56432
56800 56688
56800 56688
56800 56816
57200 56944
57200 57072
57200 57072
57200 57072
57200 57328
57600 57456
57600 57584
57600 57584
57600 57584
57600 57712
58000 57968
58000 57968
58000 58096
58400 58096
58400 58096
58400 58096
58400 58352
58400 58480
58800 58608
58800 58608
58800 58736
58800 58736
58800 58992
59200 59120
59200 59120
59200 59376
59600 59376
59600 59504
59600 59504
59600 59760
60000 59760
60000 59760
60000 59888
60000 60016
60400 60016
60400 60144
60400 60272
60400 60400
60400 60400
60400 60400
60400 60656
60800 60656
60800 60784
60800 60784
60800 60912
61200 60912
61200 61168
61200 61168
61200 61296
61600 61296
61600 61552
61600 61552
61600 61680
62000 61680
62000 61808
62000 61808
62000 62064
62400 62064
62400 62192
62400 62192
62400 62320
62400 62320
62400 62576
62800 62576
62800 62832
63200 62832
63200 62960
63200 62960
63200 63088
63200 63088
63200 63088
63200 63088
63200 63216
63600 63600
63600 63600
63600 63600
63600 63856
64000 63856
64000 63984
64000 63984
64000 64240
64400 64368
64400 64368
64400 64496
64800 64624
64800 64752
64800 64752
64800 64752
64800 64752
64800 64880
65200 65136
65200 65264
65600 65264
65600 65264
65600 65392
65600 65392
65600 65648
66000 65776
66000 65776
66000 65904
66000 66032
66400 66032
66400 66160
66400 66160
66400 66288
66400 66544
66800 66544
66800 66672
66800 66672
